# avg	std	min	max
0.00010 0.00000 0.00010 0.00010
0.00010 0.00000 0.00010 0.00010
0.00298 0.00000 0.00298 0.00298
0.00000 0.00000 0.00000 0.00000
0.00134 0.00000 0.00134 0.00134
0.00000 0.00000 0.00000 0.00000
0.00584 0.00000 0.00584 0.00584
0.00698 0.00000 0.00698 0.00698
0.00000 0.00000 0.00000 0.00000
0.00010 0.00000 0.00010 0.00010
0.00000 0.00000 0.00000 0.00000
0.00000 0.00000 0.00000 0.00000
0.01104 0.00000 0.01104 0.01104
0.00000 0.00000 0.00000 0.00000
0.00000 0.00000 0.00000 0.00000
0.00318 0.00000 0.00318 0.00318
0.00260 0.00000 0.00260 0.00260
-0.00110 0.00000 -0.00110 -0.00110
-0.00230 0.00000 -0.00230 -0.00230
0.00210 0.00000 0.00210 0.00210
