# avg	std	min	max
0.00120 0.00000 0.00120 0.00120
0.00120 0.00000 0.00120 0.00120
0.00542 0.00000 0.00542 0.00542
0.12860 0.00000 0.12860 0.12860
0.00072 0.00000 0.00072 0.00072
0.13794 0.00000 0.13794 0.13794
-0.00322 0.00000 -0.00322 -0.00322
-0.19088 0.00000 -0.19088 -0.19088
0.00120 0.00000 0.00120 0.00120
0.00010 0.00000 0.00010 0.00010
-0.00104 0.00000 -0.00104 -0.00104
0.00000 0.00000 0.00000 0.00000
0.00394 0.00000 0.00394 0.00394
0.00662 0.00000 0.00662 0.00662
0.08198 0.00000 0.08198 0.08198
0.04980 0.00000 0.04980 0.04980
0.05598 0.00000 0.05598 0.05598
0.24316 0.00000 0.24316 0.24316
0.15440 0.00000 0.15440 0.15440
0.00506 0.00000 0.00506 0.00506
