# avg	std	min	max
1.00386 0.00000 1.00386 1.00386
0.82066 0.00000 0.82066 0.82066
0.67812 0.00000 0.67812 0.67812
0.07390 0.00000 0.07390 0.07390
0.62682 0.00000 0.62682 0.62682
0.59172 0.00000 0.59172 0.59172
2.82316 0.00000 2.82316 2.82316
-0.02526 0.00000 -0.02526 -0.02526
0.89840 0.00000 0.89840 0.89840
0.72238 0.00000 0.72238 0.72238
0.45658 0.00000 0.45658 0.45658
0.48908 0.00000 0.48908 0.48908
3.34610 0.00000 3.34610 3.34610
0.68480 0.00000 0.68480 0.68480
1.06322 0.00000 1.06322 1.06322
0.01066 0.00000 0.01066 0.01066
0.50054 0.00000 0.50054 0.50054
1.19972 0.00000 1.19972 1.19972
1.35814 0.00000 1.35814 1.35814
1.61280 0.00000 1.61280 1.61280
