# avg	std	min	max
0.00810 0.00000 0.00810 0.00810
0.00992 0.00000 0.00992 0.00992
0.00776 0.00000 0.00776 0.00776
0.01016 0.00000 0.01016 0.01016
0.00786 0.00000 0.00786 0.00786
0.00000 0.00000 0.00000 0.00000
0.00904 0.00000 0.00904 0.00904
0.00608 0.00000 0.00608 0.00608
0.00796 0.00000 0.00796 0.00796
0.01048 0.00000 0.01048 0.01048
0.00920 0.00000 0.00920 0.00920
0.01030 0.00000 0.01030 0.01030
0.00770 0.00000 0.00770 0.00770
0.00738 0.00000 0.00738 0.00738
0.00950 0.00000 0.00950 0.00950
0.00182 0.00000 0.00182 0.00182
0.00070 0.00000 0.00070 0.00070
0.01472 0.00000 0.01472 0.01472
0.02094 0.00000 0.02094 0.02094
0.00928 0.00000 0.00928 0.00928
