# avg	std	min	max
5.41410 0.00000 5.41410 5.41410
4.86100 0.00000 4.86100 4.86100
4.11528 0.00000 4.11528 4.11528
3.27718 0.00000 3.27718 3.27718
6.34698 0.00000 6.34698 6.34698
6.33810 0.00000 6.33810 6.33810
11.43013 0.00000 11.43013 11.43013
18.35712 0.00000 18.35712 18.35712
4.70190 0.00000 4.70190 4.70190
5.54434 0.00000 5.54434 5.54434
4.05806 0.00000 4.05806 4.05806
4.39476 0.00000 4.39476 4.39476
11.25536 0.00000 11.25536 11.25536
4.58792 0.00000 4.58792 4.58792
4.49596 0.00000 4.49596 4.49596
3.43604 0.00000 3.43604 3.43604
-0.01886 0.00000 -0.01886 -0.01886
7.06668 0.00000 7.06668 7.06668
6.84842 0.00000 6.84842 6.84842
8.13834 0.00000 8.13834 8.13834
