# avg	std	min	max
0.22033 0.46270 -0.64561 0.83139
-0.00000 0.00000 -0.00000 0.00000
0.39322 1.08711 -0.58523 3.34162
0.51836 1.53118 -1.49401 3.41246
0.46565 1.76608 -1.23227 5.22717
-0.16268 1.24561 -2.35680 2.19180
1.26222 1.77449 -0.73933 4.02133
2.26563 2.66210 -0.83457 7.93168
0.96967 1.63629 -1.33544 5.23459
0.64916 0.58087 -0.15004 2.08854
1.05243 0.97374 -0.03359 3.13609
0.25465 0.36005 -0.35582 0.82058
1.32003 1.82375 -0.73183 4.78167
0.93156 0.85893 0.03982 2.89311
0.75248 1.31501 -0.07600 4.50551
1.57825 1.50818 -0.00305 5.36823
1.17801 1.74298 -0.15293 6.16319
0.35755 0.93766 -0.82250 2.32711
0.77076 1.07302 -0.72766 2.66311
2.02687 1.63321 0.38660 5.74706
