# avg	std	min	max
-0.20051 0.70186 -2.04287 0.51737
-0.20722 0.46540 -0.77057 0.95510
-0.04799 0.46228 -0.82855 0.78142
-1.09750 0.46700 -1.82458 -0.36074
-0.36076 0.78579 -1.26709 1.44533
-1.18224 0.52627 -2.11313 -0.37904
-0.35838 1.87290 -1.75218 4.79920
0.01265 1.24013 -1.08116 3.21729
2.25205 2.09172 -0.80582 6.09742
0.17364 0.33913 -0.39538 0.70107
0.42458 0.82045 -0.60792 2.20110
-0.01188 0.02127 -0.05690 0.00411
-0.15256 1.43156 -1.34150 3.31546
-0.21254 0.39113 -0.96497 0.26839
-0.43359 0.30478 -0.94759 0.01883
0.39663 0.64837 -0.54942 1.56738
-0.03420 0.54570 -1.06741 0.95329
-0.87940 0.37451 -1.75438 -0.40114
-0.54780 0.37254 -1.22996 0.00508
0.06349 0.93230 -1.66203 2.18210
