# avg	std	min	max
-0.87203 0.43640 -1.73903 -0.41787
-0.32119 0.27747 -0.99917 -0.09124
0.51748 0.50305 -0.30534 1.45984
-0.04784 0.69212 -1.61429 1.08035
0.49930 0.46868 -0.43645 1.50212
-0.23171 0.39235 -0.82914 0.45578
0.27507 0.82093 -0.36256 2.23302
0.74286 1.58498 -0.76910 4.71654
0.86212 1.21344 -0.36443 3.22572
-0.12206 0.40044 -0.88474 0.38782
0.18699 0.64630 -0.74953 1.54335
-0.00070 0.00418 -0.00790 0.00990
0.22525 0.77457 -1.59331 1.82024
-0.06975 0.57368 -1.02495 0.87586
-0.01176 0.60302 -0.97925 1.14013
0.43327 1.03468 -0.83460 2.45118
0.44441 0.78539 -0.68109 2.04642
0.08209 0.73112 -1.01908 1.28790
-0.27052 0.66908 -1.23522 0.84869
0.29448 0.74224 -0.47224 1.86049
