# avg	std	min	max
-2.47618 0.98978 -3.93973 -0.87284
-3.70981 0.88643 -4.98429 -2.26671
-3.64094 0.84203 -5.54732 -2.50156
-3.92749 1.02630 -5.28452 -2.20549
-3.84412 1.13904 -5.56800 -2.48888
-5.12855 0.92995 -6.25589 -3.61161
2.19614 5.72958 -4.80974 12.70152
10.08363 7.62941 -2.82972 22.45852
2.36482 1.88267 -0.60610 5.90999
-2.85715 0.96549 -4.68123 -1.64362
-3.17158 0.78685 -4.30584 -1.75925
-3.48720 1.00470 -5.00742 -1.80250
3.93904 6.52719 -4.62410 15.14342
-1.54292 0.65806 -2.68537 -0.73126
-2.27551 1.04401 -4.50283 -0.48724
-0.00627 0.02438 -0.06264 0.03837
-1.78886 0.90389 -3.92991 -0.36180
-0.79614 1.16275 -2.26916 1.47799
-0.71877 2.41575 -5.12887 4.26433
2.41677 3.89333 -2.30831 10.57936
