# avg	std	min	max
0.68431 0.43823 -0.49921 1.11685
-0.02023 0.44757 -1.03131 0.66332
0.15429 0.87200 -2.19869 1.01131
-0.49269 0.78346 -2.54185 0.53520
-0.21888 1.11118 -3.30603 0.78036
-0.72554 0.81369 -2.93905 0.06897
-0.44229 0.92443 -2.76921 1.01288
-0.21549 0.56903 -1.20733 0.60609
0.70397 1.05324 -1.04823 2.45361
0.48102 0.38661 -0.16543 1.04130
0.43803 0.84557 -1.83838 1.32715
0.27259 0.67756 -1.21161 1.44264
-0.22928 0.80558 -1.90723 1.09914
0.13593 0.56405 -1.02545 0.99658
0.11942 0.25723 -0.14293 0.72332
-0.01718 0.59503 -1.32311 0.77609
-0.01515 0.02261 -0.07102 0.00000
0.05037 0.45271 -0.58716 0.78515
0.11665 0.51728 -0.97943 0.90539
0.24905 0.54085 -0.63435 1.11640
