# avg	std	min	max
0.29132 0.79338 -1.12629 1.17075
-0.15449 0.32987 -0.62591 0.45672
0.29534 0.36151 -0.11962 0.99105
-0.73621 0.36524 -1.33976 -0.09190
-0.31740 0.37915 -0.76171 0.60421
-1.02817 0.31567 -1.55140 -0.58371
-0.56446 0.33385 -1.23090 -0.05231
-0.27582 0.34055 -0.94925 0.29862
2.80883 2.64468 -2.36110 7.90525
0.17065 0.70939 -1.02836 1.21263
0.53467 0.59752 -0.23763 1.67822
0.42048 0.38771 -0.19712 1.10255
-0.78453 0.60782 -1.86871 0.25188
-0.05397 0.52881 -0.66696 0.79395
-0.37700 0.26364 -0.88810 -0.01334
0.16867 0.70403 -1.00243 0.95714
-0.02764 0.03239 -0.11691 -0.00312
-0.55277 0.42376 -1.24306 0.26113
-0.38227 0.34796 -0.73560 0.35598
0.09856 0.52948 -0.69488 1.09299
