# avg	std	min	max
0.10078 1.34400 -2.43491 2.32120
-0.38922 0.65286 -1.17156 0.66030
0.13227 0.48823 -0.58995 0.82160
-0.58210 0.76657 -1.90656 0.54782
0.00548 0.65157 -0.87275 1.26530
-0.69365 0.67285 -1.67364 0.32084
0.29618 0.96190 -1.29826 1.98126
0.94390 1.15777 -0.50462 3.08845
1.14812 1.76667 -0.89103 5.73251
0.18227 0.72631 -1.29405 1.02594
0.36878 0.74223 -0.74661 1.29126
-0.22004 0.66249 -1.08074 0.91778
0.65093 1.17392 -0.99458 2.61286
0.31809 0.75916 -0.82901 1.42675
-0.14406 0.60523 -1.27093 1.01589
0.66312 0.71575 -0.68053 1.86667
-0.02595 0.02088 -0.06382 0.00146
-0.16789 0.52015 -1.03475 0.75764
0.12550 0.76417 -1.01416 1.65169
0.87217 1.03180 -1.05188 2.50574
