# avg	std	min	max
-0.00400 1.20642 -1.83191 2.09313
-1.22288 1.46449 -4.28357 1.35921
0.47129 1.58848 -2.37035 3.10890
-0.30727 1.48105 -2.76167 3.25723
0.67017 2.11533 -2.86063 5.23260
-1.17350 1.66174 -2.84032 3.08528
5.03353 3.81620 0.44583 15.09554
12.62614 6.54768 6.31361 30.53294
9.71340 2.16371 5.70777 11.97454
0.12529 1.37412 -1.12611 2.80830
0.78427 1.70562 -1.81012 3.04418
-0.25970 1.03517 -1.39271 1.75048
8.02952 5.31410 1.92564 22.24896
0.59798 1.69285 -0.95772 5.22587
0.52315 0.81138 -0.53054 2.38134
0.32304 1.79848 -1.41330 5.30579
-0.16397 0.25561 -0.80642 0.00000
2.84797 1.82775 -0.42266 5.32417
6.41766 4.06561 0.80294 16.66364
4.14216 3.73087 -1.08296 11.90354
