# avg	std	min	max
1.35585 1.57143 -1.09997 3.28892
0.49879 1.73763 -2.44360 2.62783
1.25611 1.65011 -1.48196 4.42589
1.58984 1.81913 -1.37895 4.99585
1.40657 2.26038 -1.84406 5.46616
0.04254 1.62576 -3.76121 2.12539
-0.13387 0.22365 -0.78800 -0.00450
4.22426 3.14018 0.63788 11.69745
3.86546 3.04457 -1.82392 8.45209
1.51475 1.32013 -1.29829 3.18426
1.57421 2.02779 -1.56535 4.46617
1.44142 1.58591 -1.27329 3.78150
1.72048 1.51009 -0.37639 4.45736
1.97775 1.69634 -1.38224 4.97920
2.83232 1.72582 0.33990 6.09384
3.97187 1.02129 2.49530 6.70654
4.07856 1.23697 2.32218 6.46410
3.20254 1.74531 0.57457 6.44704
3.77199 2.68480 0.25939 9.38930
2.38340 1.52307 -0.88755 4.75383
