# avg	std	min	max
0.00000 0.00000 -0.00000 0.00000
0.66018 1.72807 -1.25319 4.57300
2.87658 2.79093 0.05186 9.09885
2.68589 3.41786 -1.25666 11.01690
4.05044 3.36511 -0.04665 11.63278
1.43223 2.37298 -1.11321 7.39888
5.09305 6.92689 -0.88696 23.27870
5.28501 6.61387 -0.10665 22.35020
8.59493 3.51495 5.03468 15.55994
1.45697 2.06193 -0.79819 6.28012
3.43344 2.51654 0.56156 10.21570
1.87239 2.19265 -0.26501 7.03520
5.39882 7.31743 -0.62650 24.51594
2.48785 2.93183 -0.30023 9.53723
2.16907 2.76970 -0.79452 8.95889
3.35405 3.30115 -0.64862 11.68388
3.02379 3.36717 -1.09557 11.34510
1.92867 2.82675 -0.81645 8.80593
1.92027 2.68616 -0.95281 8.69771
4.34247 5.21054 -0.71004 17.41410
