# avg	std	min	max
0.18266 1.85472 -3.25469 2.85844
-1.30626 1.60519 -4.02946 1.23352
-0.59387 0.65387 -1.42690 0.70252
-1.37310 1.07517 -3.29893 0.18200
-0.07336 0.12866 -0.33977 0.00197
-1.15191 1.36412 -3.56693 0.81359
6.60133 3.01482 1.09488 11.55356
16.06782 5.75615 6.20140 24.34974
5.19208 2.40751 0.25896 8.19437
0.11233 1.89306 -3.07099 2.91145
0.62648 1.48769 -1.87119 3.58425
-0.54197 1.04175 -2.76829 1.06303
9.96666 3.21580 2.90531 16.01980
1.11583 1.11342 -1.53917 2.53200
1.88189 1.65266 -0.92681 4.92255
2.98161 1.29134 0.57818 4.83746
3.21562 0.99351 0.93987 4.75037
3.54973 2.16616 0.31046 7.28387
6.80841 2.15262 2.99161 10.77343
6.58047 3.06804 1.29883 12.49372
