# avg	std	min	max
0.91321 0.87539 -0.83186 2.26136
-0.50551 0.76276 -2.16173 0.61693
-0.71191 1.04145 -1.72381 1.38417
-1.33084 0.79012 -2.58367 0.29589
-0.02671 0.03752 -0.10863 0.00190
-1.35823 1.20979 -2.99241 0.64865
5.27025 3.44363 -0.37759 12.93580
16.89206 8.15368 7.92862 31.36928
4.83256 1.23240 3.02981 7.34148
0.33651 0.96517 -1.36751 2.54734
-0.10375 1.06634 -1.36795 2.53928
-0.08136 0.69353 -1.53576 0.88509
9.62186 5.51318 -0.27724 18.03224
0.17625 0.82630 -1.14215 2.12106
0.58839 0.90004 -0.53832 2.62197
1.53180 1.25053 -1.89542 3.12009
1.85060 1.55626 -2.39101 3.85635
2.04899 1.53328 -0.12536 5.64512
5.92295 4.00738 1.56358 15.67736
3.15604 1.89276 0.38554 7.07714
