# avg	std	min	max
-2.77871 2.96006 -8.20950 1.79371
-2.76968 1.98469 -6.74939 0.56107
-1.13969 1.04211 -3.52498 0.02920
0.28464 1.74896 -3.41490 2.85638
-0.06374 0.16798 -0.54047 0.07411
-0.73275 2.28207 -3.31082 3.48936
2.11471 3.49194 -1.67040 8.90625
3.73309 4.42020 -0.66886 14.14966
-3.77380 2.17420 -7.92214 1.16767
-1.63924 2.14194 -5.55716 2.58242
-0.70557 1.39245 -2.88281 2.17878
-1.79525 1.41048 -3.85447 0.89973
2.06932 3.49628 -2.64822 9.08006
-0.64584 2.06049 -4.02402 2.26208
-0.52572 2.32608 -3.19252 3.71853
-0.65461 2.98948 -5.63929 4.33478
-0.85586 2.73061 -4.89624 5.30016
0.39392 2.90719 -3.15997 5.75744
1.26849 3.17800 -2.02773 7.82775
4.61590 3.86211 -0.30921 13.18150
