# avg	std	min	max
0.86125 1.28491 -1.97251 2.66380
0.04436 0.87154 -1.17321 1.82710
0.52858 1.40550 -2.35003 3.27399
-0.81756 0.77121 -2.39104 0.09111
0.59717 1.54221 -1.31311 4.11244
-0.91563 0.63076 -1.84869 0.02455
-0.29890 1.08857 -1.63418 2.39848
1.77449 1.27705 -0.80237 3.46514
7.37248 2.53431 5.27830 14.23906
0.94653 0.92617 -0.46032 3.12420
1.34870 1.39355 -1.04353 3.28308
0.60921 0.81543 -0.77806 1.84198
0.44834 1.16289 -0.88042 3.32458
0.60744 0.68396 -0.44255 2.05528
0.20662 0.63500 -0.82542 1.35370
2.17838 1.09636 0.47790 3.73130
1.63943 1.19126 -1.13142 3.01257
-0.04212 0.08163 -0.20486 0.11152
0.22078 0.86362 -1.33581 1.62902
1.19657 0.82272 -0.19916 2.66939
