# avg	std	min	max
0.00287 0.00861 0.00000 0.02869
0.01618 0.04855 0.00000 0.16183
-0.00103 0.00793 -0.02228 0.01194
0.00000 0.00000 0.00000 0.00000
-0.00057 0.00172 -0.00573 0.00000
0.00126 0.00378 0.00000 0.01260
0.00129 0.00420 -0.00098 0.01386
-0.00069 0.00207 -0.00689 0.00000
0.00000 0.00000 0.00000 0.00000
-0.00000 0.00001 -0.00002 0.00000
0.00000 0.00000 0.00000 0.00000
0.00000 0.00000 0.00000 0.00000
-0.00194 0.00411 -0.01381 0.00000
-0.00016 0.00049 -0.00164 0.00000
0.01188 0.03709 -0.00432 0.12309
0.00279 0.00837 -0.00001 0.02790
-0.00055 0.00166 -0.00554 0.00000
0.00000 0.00000 0.00000 0.00000
0.00000 0.00000 0.00000 0.00000
-0.00033 0.00098 -0.00326 0.00000
