# avg	std	min	max
-0.00065 0.00152 -0.00499 0.00000
0.00135 0.00404 0.00000 0.01346
0.00530 0.01908 -0.00901 0.06198
-0.00048 0.00353 -0.00749 0.00715
-0.00012 0.00036 -0.00121 0.00000
0.10945 0.40288 -0.19419 1.30553
0.04668 0.08606 -0.00445 0.25859
0.03269 0.07852 -0.06546 0.18707
0.00222 0.01783 -0.03193 0.04580
0.00000 0.00000 0.00000 0.00000
0.00968 0.03081 -0.00518 0.10200
0.00000 0.00000 0.00000 0.00000
0.02807 0.10812 -0.05745 0.34613
0.01608 0.04090 -0.00173 0.13743
-0.00605 0.01215 -0.03734 0.00000
0.00853 0.07780 -0.13424 0.20751
0.02307 0.03616 0.00000 0.10558
0.07901 0.21591 -0.03709 0.71297
0.01403 0.04591 -0.04503 0.13685
0.04859 0.15678 -0.04031 0.51728
