# avg	std	min	max
0.00000 0.00000 0.00000 0.00000
0.00000 0.00000 0.00000 0.00000
-0.00001 0.00002 -0.00005 0.00000
0.00028 0.00084 0.00000 0.00281
-0.00000 0.00000 -0.00001 0.00000
-0.00011 0.00043 -0.00138 0.00025
-0.00009 0.00039 -0.00124 0.00029
-0.00002 0.00004 -0.00012 0.00000
-0.00000 0.00001 -0.00002 0.00000
-0.00000 0.00001 -0.00002 0.00000
0.00016 0.00050 -0.00002 0.00167
-0.00000 0.00001 -0.00002 0.00000
-0.00018 0.00047 -0.00158 0.00004
0.00000 0.00001 0.00000 0.00002
0.00011 0.00033 0.00000 0.00110
0.00022 0.00066 0.00000 0.00219
0.00000 0.00000 0.00000 0.00000
-0.00042 0.00139 -0.00457 0.00042
-0.00056 0.00152 -0.00510 0.00000
0.00000 0.00000 0.00000 0.00000
