# avg	std	min	max
-0.01072 0.03235 -0.10777 0.00038
-0.03320 0.09958 -0.33193 0.00019
0.00009 0.00014 -0.00001 0.00039
0.01005 0.03004 0.00000 0.10017
-0.00030 0.00089 -0.00298 0.00002
0.00664 0.02192 -0.00659 0.07214
-0.01015 0.02965 -0.09904 0.00152
0.00695 0.01338 -0.00365 0.03766
0.00041 0.00094 -0.00091 0.00273
0.00010 0.00018 0.00000 0.00058
0.00002 0.00014 -0.00015 0.00043
-0.00018 0.00175 -0.00321 0.00382
0.00426 0.01304 -0.00268 0.04307
0.00003 0.00030 -0.00067 0.00061
-0.00033 0.00100 -0.00332 0.00013
0.00001 0.00005 -0.00005 0.00014
0.00000 0.00000 0.00000 0.00000
-0.00017 0.00409 -0.01107 0.00630
0.01391 0.04115 -0.01309 0.13539
0.00074 0.00268 -0.00142 0.00867
