# avg	std	min	max
-0.00002 0.00338 -0.00586 0.00780
-0.00021 0.00398 -0.00418 0.01057
-0.00005 0.00654 -0.00877 0.01627
-0.00129 0.00426 -0.01088 0.00431
-0.00155 0.00352 -0.01077 0.00131
-0.00152 0.00289 -0.00705 0.00146
-0.00042 0.00275 -0.00542 0.00560
0.01016 0.02749 -0.00415 0.09193
0.00269 0.00827 -0.00400 0.02705
-0.00164 0.00341 -0.01013 0.00144
0.00486 0.01684 -0.00315 0.05527
-0.00051 0.00372 -0.00541 0.00893
0.00120 0.00487 -0.00412 0.01343
-0.00129 0.00345 -0.00791 0.00562
-0.00034 0.00298 -0.00678 0.00604
-0.00404 0.00764 -0.02409 0.00053
0.00088 0.00680 -0.01508 0.00764
0.00000 0.00000 0.00000 0.00000
-0.00121 0.00271 -0.00596 0.00324
0.00033 0.00190 -0.00407 0.00335
