# avg	std	min	max
-0.01303 0.12181 -0.17096 0.25738
-0.00649 0.12656 -0.17593 0.22561
-0.03811 0.05450 -0.13478 0.03120
0.03732 0.09177 -0.07058 0.28761
-0.00650 0.03850 -0.08682 0.04865
0.00262 0.11875 -0.18119 0.30282
0.11613 0.36398 -0.31634 0.84237
0.02768 0.33609 -0.39997 0.78957
-0.00550 0.05139 -0.08556 0.12039
-0.02863 0.05395 -0.14126 0.03177
-0.04594 0.10752 -0.25839 0.13728
-0.06705 0.22255 -0.64871 0.24210
0.17400 0.26136 -0.24015 0.59786
-0.02766 0.06563 -0.14308 0.08404
0.00000 0.00000 0.00000 0.00000
-0.05494 0.11101 -0.33932 0.10886
0.09253 0.19273 -0.07749 0.49858
0.00405 0.16464 -0.32086 0.32895
0.01168 0.12470 -0.24616 0.18345
0.06076 0.14210 -0.08211 0.40627
