# avg	std	min	max
-0.14490 1.02138 -2.14712 1.36440
0.00000 0.00000 -0.00000 0.00000
0.50864 0.34373 0.00929 1.02297
-0.06215 0.23916 -0.46120 0.22363
0.23382 0.33458 -0.58235 0.78586
-0.21190 0.25207 -0.68050 0.13659
0.08333 0.60833 -0.83709 1.34913
0.25588 0.67979 -0.60168 1.74143
-0.59535 0.84526 -1.66981 1.00191
0.23015 0.32499 -0.38365 0.66507
0.28104 0.38966 -0.34486 1.01132
0.20426 0.29968 -0.32145 0.64693
0.15712 0.52893 -0.64587 1.45085
0.14007 0.18177 -0.21576 0.34627
-0.05945 0.30661 -0.43255 0.55198
0.11469 0.27474 -0.32471 0.70708
-0.08793 0.41784 -0.64362 0.56510
-0.13291 0.30155 -0.58205 0.49802
-0.03620 0.31492 -0.43879 0.66843
0.44516 0.46999 -0.22167 1.68489
