# avg	std	min	max
0.19163 0.71712 -0.92326 1.89117
0.00000 0.00000 -0.00000 0.00000
0.62646 0.61533 -0.13657 1.62423
-0.22614 0.28346 -0.71121 0.23651
0.58979 0.75769 -0.34736 1.89865
-0.25461 0.25138 -0.60323 0.21206
-0.24805 0.98895 -1.44346 2.54247
0.46022 1.28320 -0.60945 3.97696
-0.87012 0.75323 -1.90268 0.99769
0.42428 0.48259 -0.50566 1.11778
0.87403 0.64585 -0.07854 2.16887
0.72313 0.45178 0.21839 1.43047
-0.01381 1.02629 -0.93109 2.97689
0.13265 0.72585 -1.11631 1.76450
0.46026 0.55288 -0.19457 1.43600
-0.03616 0.97966 -1.61689 1.82638
0.30126 0.62138 -0.56301 1.44617
-0.14634 0.42239 -0.37442 1.11295
0.11895 0.68744 -1.07991 1.79670
0.43336 1.20972 -0.44212 4.01523
