# avg	std	min	max
0.47506 0.49656 -0.27798 1.42227
-0.00000 0.00000 -0.00000 0.00000
1.58116 1.61957 -0.20984 5.53257
2.37735 3.54028 -1.10533 11.08050
2.74908 2.90266 -0.70483 10.37728
2.30687 2.86205 -1.72957 8.50051
8.10548 5.12419 -1.31807 14.00778
14.96442 9.09932 -0.86623 29.39868
3.23525 4.68948 -0.80274 16.61946
1.29452 0.92316 0.01259 2.54938
2.05599 1.77892 -0.29417 5.37467
1.17986 1.03060 -0.38464 2.90647
9.66516 5.79064 -0.85222 17.42974
3.61281 2.45143 -0.54900 8.35612
5.09886 2.96951 -0.45610 10.05660
3.88852 2.64200 -0.70291 9.18953
5.25370 2.72208 -0.95867 8.61537
6.22843 4.09247 -0.53718 13.53398
8.00598 4.73506 -0.30895 16.18384
9.92582 5.46499 -0.22802 20.86602
