# avg	std	min	max
1.45711 0.49381 0.46273 1.96518
-0.00000 0.00000 -0.00000 0.00000
1.95938 1.49381 -0.36610 5.12793
2.69476 1.85069 -0.18695 7.41914
2.90474 1.66287 0.41609 6.34861
2.20703 1.68640 -0.46456 5.32493
14.39994 3.69939 8.51089 22.18442
24.67513 6.00579 11.47827 32.01238
6.34749 1.83229 2.87955 9.61040
1.25682 0.51898 0.77306 2.30164
2.22605 1.22173 0.75717 4.93991
1.06286 0.49523 0.10336 1.86500
20.19226 5.24401 15.22654 31.13308
3.40763 1.11224 1.53802 4.86449
5.79911 1.01157 4.20593 7.59375
5.05678 1.41100 3.03558 7.33575
6.89413 1.45196 3.84528 9.83162
7.22841 1.44285 4.95055 8.89294
11.73452 2.50658 7.00361 15.14268
12.65671 2.74608 8.33281 17.31068
