# avg	std	min	max
0.82695 0.67275 -0.21551 1.63215
-0.00000 0.00000 -0.00000 0.00000
5.18241 2.14667 2.30444 10.20658
9.71222 5.48663 2.72580 22.54692
8.41957 4.35924 2.14541 18.85796
6.13782 5.26288 1.22819 18.20006
18.30946 13.11248 3.31842 40.67470
28.26389 20.06202 6.16665 57.02212
9.55824 2.70636 6.57193 14.37406
1.45923 0.82396 0.40046 2.75958
4.24178 1.65756 2.08139 7.60654
2.78140 1.34045 0.84242 5.45394
19.73614 15.82309 6.87427 46.52710
8.37188 3.03312 2.96808 13.60696
9.37490 6.28171 4.86708 24.86646
10.76385 2.20851 6.77423 14.40012
9.80851 5.93647 3.93262 23.49274
9.56322 5.67684 4.99940 23.21004
12.19411 9.42753 3.72524 33.20028
23.07112 8.31857 11.05400 35.82506
