# avg	std	min	max
-0.18254 1.03671 -2.57938 0.80134
0.00000 0.00000 -0.00000 0.00000
1.95603 1.04576 0.23775 3.28094
0.73965 1.46399 -0.71743 3.50950
2.01362 1.30896 -0.42542 3.59717
0.53993 0.96450 -0.53554 2.07965
3.21818 5.16139 -0.46071 15.51010
3.96365 4.56748 -0.46754 15.59616
4.60774 2.29843 1.68659 9.07911
0.46073 0.35825 -0.07735 1.07994
1.77784 1.06805 0.15067 3.31737
0.59553 0.52025 -0.45233 1.59356
3.66948 5.50148 -0.49484 18.67684
0.70516 1.38616 -1.05440 3.78670
1.35186 1.65494 -0.33970 5.58916
0.96793 1.82216 -1.19038 5.26013
0.97392 1.20290 -0.30195 3.54447
1.25303 1.57358 -0.31140 4.48406
1.28361 1.29106 -0.07051 3.72652
3.50329 3.88015 0.30074 11.26422
