# avg	std	min	max
0.44623 0.28942 -0.19041 0.86006
0.00000 0.00000 -0.00000 0.00000
0.29129 0.21238 0.06056 0.58880
-0.34777 0.15820 -0.62380 -0.08443
-0.04379 0.25680 -0.34821 0.52672
-0.50358 0.24144 -0.99837 -0.18907
-0.15311 0.23824 -0.65071 0.18642
-0.25508 0.31996 -0.70664 0.37301
-0.89534 0.48475 -1.40258 0.22180
0.24501 0.33104 -0.40456 0.65260
0.23560 0.29379 -0.46206 0.57854
0.41503 0.15366 0.10063 0.68078
-0.06795 0.20905 -0.43898 0.23941
0.32894 0.24436 -0.38245 0.51658
-0.10393 0.24170 -0.51507 0.29286
-0.38291 0.57298 -1.94638 0.19248
-0.70885 0.34483 -1.23842 0.07821
-0.14308 0.31215 -0.96382 0.18506
0.04940 0.37612 -0.97427 0.42486
0.37399 0.14223 0.03947 0.50996
