# avg	std	min	max
0.01757 0.99928 -1.57453 1.64182
-0.00000 0.00000 -0.00000 0.00000
4.17800 2.15998 0.63503 8.16012
9.01616 3.64172 4.03242 16.51074
8.56433 2.94472 3.88155 13.53448
7.18517 3.25790 2.16070 15.00358
20.55131 10.76742 3.97222 42.06924
32.92412 16.47263 9.78223 69.68972
7.91800 3.40134 2.79779 14.61978
0.96484 0.71144 -0.28217 2.07203
3.97533 1.62340 1.48562 6.32507
1.12360 1.65424 -2.05860 3.01104
22.97684 12.06862 4.48932 47.45818
7.45434 2.83393 1.98339 13.19868
10.64631 3.56329 4.77337 19.26012
7.58562 2.18272 3.70094 10.57014
10.70098 3.91179 5.48419 19.36990
11.78213 4.33071 5.11155 21.53612
14.61099 6.63892 5.83058 30.55022
19.38934 7.70513 7.89906 34.18120
