# avg	std	min	max
-0.30345 0.63594 -1.47608 0.63984
-0.55954 0.57734 -1.48514 0.54648
-0.08136 0.54344 -0.99589 0.83649
-0.44554 0.79499 -1.48198 1.26226
0.06719 0.93155 -1.17289 2.17230
-0.74825 0.52825 -1.59084 0.01113
0.89032 1.57971 -1.21597 3.11444
1.88321 2.15677 -1.30861 5.36757
3.00394 0.51207 2.28147 3.89863
-0.43062 0.52202 -1.37044 0.49659
0.07879 0.36687 -0.55148 0.65146
-0.00572 0.01189 -0.03641 0.00093
1.44865 2.14975 -1.80062 6.06834
0.46835 0.70127 -0.18062 1.80434
0.25292 0.85660 -1.25991 1.44760
1.45186 0.88463 -0.27129 3.20339
0.97874 0.84555 -0.42539 2.59731
0.26830 0.85990 -1.13729 1.67142
0.41961 0.91707 -1.23643 2.12816
1.80165 1.77553 -0.75764 4.09582
