# avg	std	min	max
-1.13431 1.68149 -5.27138 0.80162
-0.89361 0.54560 -2.04691 -0.04227
1.25782 1.05378 -0.94566 2.56807
0.82744 1.54905 -1.59797 3.65688
2.73801 1.42899 -0.55013 4.46706
1.12455 1.62985 -1.47463 3.39667
9.85037 6.38041 -0.74508 20.83064
21.19066 11.45492 0.83731 38.53274
0.93890 2.10296 -1.25776 5.29191
0.81684 0.59786 0.01299 1.75152
1.33798 1.08601 -0.88031 3.03567
-0.00813 0.04357 -0.12876 0.04814
15.92239 7.34831 -0.31864 26.55456
1.59466 0.94718 -0.00131 2.90592
3.40898 1.51287 0.99674 6.00000
3.62824 0.80117 2.15368 5.15365
5.07960 1.35215 2.84943 7.40936
3.59288 2.01953 0.18332 7.25088
6.83900 1.94185 2.59169 10.01716
9.30331 3.10983 2.57058 15.35290
