# avg	std	min	max
-0.33257 0.93725 -2.36544 1.14016
-0.40844 0.39878 -0.85625 0.26866
0.38834 0.82294 -1.23819 1.45522
-0.07504 1.37218 -1.57753 2.74679
0.63336 1.07643 -0.89624 2.02029
-0.44236 1.11186 -1.86179 1.64518
0.60815 1.24064 -0.81535 3.55995
1.96178 2.66729 -0.65408 7.89626
0.22702 2.18212 -1.78959 4.50819
0.63301 0.44086 0.03040 1.43268
0.97450 0.65015 0.08062 2.25304
-0.00255 0.02370 -0.05014 0.05153
0.74881 1.78405 -1.41717 5.02534
0.87068 0.68935 -0.12161 1.88453
0.51808 1.17991 -0.72779 2.59015
1.16361 0.93676 -0.24237 2.87192
0.58514 1.26063 -0.96206 3.12413
1.01931 1.93981 -0.98558 4.97068
1.49122 2.42139 -0.79546 7.24474
1.58681 1.84488 -0.83606 4.63907
