# avg	std	min	max
0.06464 1.10885 -2.30504 1.55742
-0.78604 0.53311 -2.01495 0.04996
0.99179 0.96914 -0.18133 2.76068
1.71767 1.89497 -1.03446 5.75056
2.07837 1.85674 -0.72723 5.01598
1.64067 2.49234 -0.71362 7.86295
13.74362 5.64975 6.95401 26.91980
19.03365 9.83331 5.75425 41.80758
3.69850 2.42504 -1.23191 7.71962
0.07322 0.66920 -1.63063 0.83610
0.49273 0.85964 -0.44604 2.74120
0.00422 0.03066 -0.03850 0.08882
16.82356 5.45274 8.74443 29.86148
1.96450 1.70246 -0.61977 5.03948
3.73215 2.85006 0.93119 10.34610
3.12946 1.68582 1.09990 6.69672
4.59135 2.56479 1.51576 10.61014
5.60721 3.43248 0.61606 13.51730
7.74197 4.66926 0.93544 16.73862
11.41331 3.86135 5.58452 19.84234
