# avg	std	min	max
-0.74689 1.94870 -5.26484 0.55914
-0.61383 0.50762 -1.55527 0.26576
0.20815 1.14431 -1.39458 2.50931
-0.37535 1.46018 -1.23338 3.95568
0.23639 1.92119 -1.72198 5.16527
-0.69758 0.92226 -1.60217 1.92786
-0.47542 1.39660 -1.58888 3.46070
0.66144 2.30289 -0.85011 7.41179
1.40609 2.54115 -1.14642 6.52614
0.09991 0.57561 -0.89696 0.77161
0.94753 0.98652 -0.25468 2.68522
0.00051 0.00910 -0.02355 0.01346
-0.03846 1.36805 -1.05844 3.63190
0.03090 0.74093 -1.13664 1.52923
0.33231 1.07786 -0.50978 3.10358
1.84258 1.25070 0.37065 4.61297
1.02051 1.25621 -0.19549 4.45418
-0.42546 0.91146 -1.00677 2.25448
-0.09897 0.99631 -0.84266 2.42948
0.33989 1.34523 -0.74233 3.64367
