# avg	std	min	max
0.65966 0.72106 -1.07205 1.46185
0.02578 0.30307 -0.41695 0.48751
0.82579 1.19765 -0.73026 3.24302
0.12233 0.75304 -0.87466 1.81595
0.60639 1.34158 -0.98457 3.59585
-0.42956 0.31328 -0.89979 0.03268
0.39676 1.33229 -0.98706 3.55227
1.08865 1.74951 -0.60665 4.87500
2.24351 2.43448 -2.12739 6.73846
0.45312 0.24033 0.08958 0.82488
1.22031 1.21168 -0.08105 3.66347
0.02443 0.07243 -0.00546 0.24160
0.64496 1.55253 -0.42452 4.76463
0.29333 0.60270 -0.46817 1.24486
0.18799 0.51165 -0.27946 1.30023
0.67344 0.98796 -0.65301 2.39739
0.32377 0.56954 -0.32846 1.54088
-0.08719 0.44968 -0.72884 0.80757
-0.00029 0.37537 -0.69023 0.76524
0.91718 1.51985 -0.09730 5.26327
