# avg	std	min	max
-2.70234 2.61932 -7.80397 1.14172
-1.73293 1.73253 -4.66201 0.15544
1.13150 2.49589 -2.08946 5.22804
1.06239 3.52840 -3.64033 9.82336
1.91365 3.60043 -1.82064 9.31120
-0.74746 2.69623 -3.38134 6.66516
5.71974 6.26503 0.21389 21.53236
7.75235 6.58233 1.14672 25.54610
5.56718 4.45146 -0.58766 11.56558
-0.80840 1.65101 -4.36802 1.24031
0.83407 1.98157 -2.55955 4.03365
-1.01133 1.01979 -2.34478 0.62795
7.18349 5.02200 1.33427 18.05122
0.38702 1.43385 -1.42237 3.60014
2.20222 3.69703 -1.41282 12.63272
-0.01114 0.02267 -0.07136 0.00706
2.10383 3.43023 -0.81335 11.72060
2.63349 4.88473 -1.21892 16.70480
4.14779 7.07668 -1.11325 24.81674
7.05771 8.33915 -0.65204 29.67806
