# avg	std	min	max
0.41166 0.78645 -1.28076 2.03659
0.54508 1.48217 -0.71118 4.72948
0.75657 1.54499 -0.60169 5.05492
0.25064 1.45238 -1.35347 4.32367
0.53558 1.48744 -1.27451 4.20820
0.33501 1.45570 -1.03733 4.56095
0.20971 1.43471 -0.90133 4.29436
0.71110 1.37145 -0.67441 4.10909
0.66893 2.52825 -2.41265 5.59109
0.76295 0.64652 0.01601 2.05901
0.98466 1.18166 0.04308 4.27649
0.99437 1.04127 -0.26025 3.57498
0.45384 1.46021 -0.80118 4.64145
0.61695 0.79240 -0.11212 2.89156
0.44787 1.25852 -0.56383 3.96893
-0.02183 0.02924 -0.10474 0.00000
0.32407 1.31197 -0.85932 4.04466
0.37340 1.16367 -0.71242 3.65193
0.46598 1.30850 -0.81746 4.02986
0.94930 1.17197 -0.02269 4.13955
