# avg	std	min	max
-0.68014 1.33396 -2.80366 1.56464
-0.41410 1.18120 -2.39016 1.92897
0.54421 1.38099 -1.49681 2.95868
-1.06805 0.78015 -2.42634 0.57303
0.68343 1.19854 -0.72078 3.04783
-1.25421 0.86143 -2.84986 0.18514
-1.31689 1.13356 -3.10868 0.67764
-0.25508 1.32127 -1.99863 2.58586
4.77522 3.57483 1.75084 12.28216
-0.08469 1.15375 -2.18455 2.12373
0.74430 1.39066 -1.23401 2.84576
-0.20765 1.25348 -1.67896 2.03857
-1.10747 1.00078 -2.94127 0.60213
-0.64285 0.97901 -2.07114 1.30613
-0.03904 0.97773 -1.40958 1.54946
-0.01120 0.07815 -0.16844 0.08525
-0.00821 0.52238 -0.77705 0.76102
-0.59648 1.10480 -2.52717 1.31989
-0.13636 1.08946 -1.90995 1.64804
-0.50957 1.16465 -3.18821 0.69576
