# avg	std	min	max
-0.62565 1.32099 -2.48467 1.15698
-1.37745 1.09014 -3.65281 -0.25783
-2.07379 1.07286 -4.02907 -0.67124
-1.96612 0.88078 -3.56684 -0.44817
-2.45245 1.28680 -4.83237 -0.82071
-2.81648 1.07807 -4.91641 -1.61361
0.92778 3.13581 -2.47816 6.91712
1.59221 3.84183 -3.70756 8.49949
8.06218 3.19175 3.90700 14.60932
-0.43041 1.46924 -2.86953 1.06934
-1.01061 1.27205 -3.35973 0.44982
-1.27170 1.19135 -3.53656 0.05658
2.29182 5.04377 -2.57280 12.41132
-0.27088 0.63458 -1.24554 1.00744
-0.58276 1.14436 -2.73554 1.42955
-0.04469 0.10840 -0.36728 0.00601
-1.16339 1.07122 -2.87475 0.09775
-0.38146 1.15643 -2.82705 1.09900
-0.33395 1.20509 -2.76253 1.08162
2.86141 2.82795 -0.61944 8.35450
