# avg	std	min	max
0.17951 0.47175 -0.51017 0.92354
-0.04178 0.34948 -0.44756 0.74743
0.50363 0.37442 0.01322 1.24747
-0.30712 0.15375 -0.51977 -0.02381
0.02679 0.26034 -0.42580 0.55938
-0.26965 0.24698 -0.65407 0.11488
-0.25881 0.34589 -0.81700 0.51886
-0.05268 0.29486 -0.44358 0.60657
0.68081 1.12702 -0.75546 2.46320
0.31230 0.34326 -0.08657 0.98593
0.59024 0.56180 -0.27629 1.42172
0.34814 0.37910 -0.25346 1.00262
-0.11871 0.30702 -0.48072 0.63203
-0.14539 0.29046 -0.79976 0.28554
-0.09578 0.37746 -0.70472 0.70308
-0.24329 0.39439 -0.75907 0.42568
-0.01414 0.00832 -0.03055 -0.00372
-0.32635 0.35232 -0.99250 0.37760
-0.19837 0.59094 -1.30420 0.66313
-0.02932 0.40341 -0.56746 0.83392
