# avg	std	min	max
0.06626 0.51628 -1.20830 0.93031
-0.22165 0.31529 -0.88847 0.42083
0.99388 0.38406 0.33037 1.48948
-0.30917 0.27639 -0.64323 0.12087
0.61934 0.32989 -0.00335 1.34790
-0.14740 0.23830 -0.54891 0.15335
-0.15973 0.39057 -0.86629 0.60378
0.06758 0.29852 -0.42765 0.57767
3.11587 3.33955 -0.49260 9.51254
0.02275 0.32873 -0.63103 0.53075
0.80916 0.46687 -0.02829 1.57171
0.43112 0.25717 0.07665 1.08639
-0.18473 0.56695 -1.54354 0.62144
0.45253 0.29635 -0.00594 1.00594
-0.15700 0.35636 -0.73113 0.60137
0.72582 0.38483 0.21858 1.60195
-0.00846 0.00929 -0.02611 0.00000
-0.34539 0.32911 -0.63704 0.51294
-0.31979 0.35647 -0.77133 0.55284
0.69196 0.22521 0.36084 1.23859
