# avg	std	min	max
1.53074 0.54617 0.81495 2.68899
0.68165 0.51817 -0.03952 1.79081
0.77606 0.58384 -0.22724 1.63004
0.14176 0.57233 -0.86703 1.04418
0.24273 0.63069 -0.99706 1.15243
-0.08744 0.64638 -1.17247 0.73963
0.18162 0.68008 -1.20083 0.86919
0.41053 0.70422 -1.05787 1.46642
2.12373 1.86435 -0.28728 5.51726
1.16902 0.60107 0.34107 2.44608
0.97569 0.47621 0.13172 1.92801
1.27270 0.53050 0.38250 2.21723
0.45398 0.64518 -0.55193 1.60282
0.91542 0.69532 -0.58016 1.78158
0.46049 0.48348 -0.33905 1.30230
0.57513 0.58845 -0.33137 1.87571
-0.01922 0.02680 -0.09247 0.00000
0.65922 0.67472 -0.33357 1.69727
0.84303 0.64905 0.01167 1.91760
1.01381 0.50143 0.04094 1.65465
