# avg	std	min	max
0.00000 0.00000 -0.00000 0.00000
-0.42199 0.60366 -1.21777 0.52670
0.28526 0.96542 -1.13941 1.79510
-0.85547 0.87201 -2.35300 0.39324
-0.31554 1.21504 -1.79937 1.58816
-1.08239 0.87392 -2.35024 0.14423
-0.73618 0.77585 -2.10651 0.33320
-0.74214 0.93506 -2.27307 0.57521
2.30617 1.42731 -0.35188 4.24589
-0.31395 0.56393 -1.19787 0.43123
0.39220 1.18814 -1.36948 2.06773
0.10483 0.52225 -0.68117 1.09625
-0.77617 0.72126 -1.93713 0.40269
-0.24788 0.49148 -1.08692 0.40312
-0.42315 0.82423 -1.33392 0.85657
-0.16388 0.80622 -1.91230 1.35734
-0.42286 0.79121 -1.31178 1.09977
-0.62751 0.59232 -1.37800 0.35971
-0.48730 0.69656 -1.37085 0.75049
-0.14860 0.56114 -1.07909 0.86593
