# avg	std	min	max
0.00000 0.00000 -0.00000 0.00000
1.79180 1.71966 -0.47936 3.91989
2.92249 2.44873 -0.13381 6.04155
1.94034 2.10006 -0.41389 4.86911
2.89077 2.41724 -0.24260 6.28574
1.93070 2.17437 -0.57877 4.76478
1.76307 1.94151 -0.71484 4.42677
2.22748 1.75763 -0.17545 4.46486
3.44010 4.82407 -1.66600 9.66339
2.05783 1.88728 -0.15117 4.78156
2.85027 2.12615 -0.03607 5.76173
2.23137 1.98952 -0.04993 4.79337
1.88392 1.91803 -0.69688 4.45787
1.72429 1.79008 -0.14153 4.35816
2.02517 1.78897 -0.15573 4.73161
1.82096 1.80232 -0.26995 4.48642
1.90265 1.94185 -0.67958 4.65080
1.59936 1.84073 -0.99048 4.34312
1.91780 2.10733 -1.11881 4.95363
2.21435 1.80366 -0.04833 4.67619
