# avg	std	min	max
-0.57248 0.39561 -1.02380 0.13215
0.02359 0.18897 -0.14504 0.51073
0.22491 0.22621 -0.13626 0.65331
0.03855 0.24080 -0.43925 0.44059
0.13378 0.20876 -0.23770 0.46169
-0.24897 0.36874 -1.13217 0.27791
-0.01249 0.31318 -0.76394 0.36629
0.00864 0.19448 -0.23745 0.30726
-0.23184 0.31136 -0.66396 0.24174
-0.11778 0.33283 -0.53717 0.58075
0.08848 0.20864 -0.29090 0.57179
0.08132 0.30061 -0.26835 0.86006
0.36325 0.32319 -0.22077 0.96980
-0.08533 0.27997 -0.38674 0.66570
-0.05232 0.16903 -0.25461 0.36970
-0.52180 0.50302 -1.16352 0.57431
-0.18905 0.31448 -0.65873 0.31779
0.02015 0.22402 -0.29315 0.35282
-0.31659 0.48231 -1.25745 0.40988
0.01623 0.02872 -0.00674 0.09493
