# avg	std	min	max
0.69141 0.65194 -0.89440 1.36486
-0.07676 0.31517 -0.49644 0.47510
0.06766 0.46270 -0.62197 0.79700
-0.70983 0.42070 -1.55819 0.04914
-0.42673 0.53475 -1.27331 0.70718
-0.64587 0.45288 -1.71903 0.04234
-0.54446 0.41415 -1.25080 -0.01117
-0.17377 0.26769 -0.63485 0.24764
2.64831 1.84183 -0.06102 7.20204
0.59587 0.45830 -0.11524 1.23984
0.42563 0.47362 -0.38903 1.17151
0.48820 0.31318 -0.02731 0.93290
-0.31027 0.42813 -0.97567 0.41020
0.37738 0.38797 -0.31595 1.05413
-0.29022 0.35442 -0.94660 0.18706
1.03897 0.46435 0.28232 1.94195
0.28275 0.35502 -0.45034 0.86284
-0.61555 0.35752 -1.29888 0.00867
-0.66859 0.30538 -1.35815 -0.23881
0.02164 0.03101 -0.01207 0.09374
