# avg	std	min	max
-3.18479 3.30147 -7.47031 1.62762
-4.09445 2.95636 -8.04998 0.33495
-1.77893 2.56963 -5.56617 2.29102
-3.07775 2.12965 -5.68774 0.40542
-0.86263 2.13024 -3.60599 2.07055
-3.61268 1.62388 -6.10602 -1.50496
1.49840 2.15999 -2.81285 5.34833
5.51152 4.60074 -1.27497 16.03382
5.11960 6.29773 -5.39367 14.39364
-2.08760 3.08921 -7.15738 2.08683
-0.55128 2.65080 -4.04625 3.39179
-2.63783 2.66345 -6.51916 0.80200
5.95611 4.42204 -2.27040 12.15465
-1.25846 1.84668 -3.68750 1.35206
-0.92605 1.73071 -3.27653 1.69207
-0.38206 2.26356 -3.76939 3.16309
0.16028 1.73072 -2.76617 2.96117
-0.01224 1.89203 -3.09744 3.11327
2.65802 2.00560 -0.22972 6.08577
0.47496 0.94570 -0.39770 2.76840
