# avg	std	min	max
0.54055 0.26837 0.09780 1.07890
-0.25498 0.13955 -0.50292 -0.00186
-0.00442 0.27321 -0.31655 0.57130
-0.77873 0.17120 -1.01469 -0.48669
-0.61584 0.30936 -0.99741 -0.18327
-0.96683 0.20666 -1.31389 -0.61246
-0.72922 0.26631 -1.12135 -0.35771
-0.58571 0.25748 -1.00054 -0.20319
1.63741 2.34675 -1.31593 6.38542
0.19013 0.22573 -0.21991 0.47097
0.29634 0.26610 -0.23327 0.62407
0.29671 0.12895 0.01374 0.46281
-0.66334 0.25549 -1.06619 -0.37630
0.00005 0.17976 -0.21716 0.37677
-0.48356 0.29602 -1.00137 0.07850
-0.39850 0.53376 -1.14870 0.46926
-0.81651 0.38468 -1.76501 -0.21776
-0.37840 0.14921 -0.69887 -0.18051
-0.07290 0.18945 -0.47833 0.18589
0.00039 0.02533 -0.05612 0.02968
