# avg	std	min	max
-0.96242 1.61695 -3.38540 1.12572
-1.79570 1.51237 -4.46561 -0.00684
-0.26460 1.71048 -3.50879 2.68606
-2.34824 1.03756 -4.29487 -1.29749
-0.53679 1.85655 -3.61442 2.27843
-2.40582 0.96507 -4.09028 -0.66382
-0.74352 1.87548 -4.04022 2.18892
5.58701 3.66284 0.65785 10.96506
5.54503 2.24544 2.12792 10.92362
-0.52998 1.57480 -3.07090 1.41474
-0.04633 1.64539 -3.61952 3.22600
-1.04000 1.48350 -3.61865 0.61855
0.90277 2.09904 -1.72300 4.34203
0.10325 0.98308 -2.46079 1.23792
0.07861 0.91470 -1.62849 1.35636
0.98144 1.13765 -1.49977 2.37780
0.95072 1.24316 -0.99911 3.50476
0.07010 1.06637 -1.42845 1.68788
2.42725 1.54397 0.71441 6.13868
0.24859 0.58528 -0.46125 1.48212
