# avg	std	min	max
1.74822 1.81068 -1.47823 3.91118
0.19320 1.45899 -2.34381 2.01041
0.08421 1.02723 -1.97562 1.35976
0.69058 1.14426 -1.68820 2.46918
-0.02364 0.04395 -0.14904 -0.00000
0.16188 1.37153 -2.76071 1.96204
10.64769 3.77080 6.33204 17.93956
16.85484 4.97673 9.44302 26.47286
3.94755 1.76785 0.81483 6.42476
1.52354 1.43548 -1.21777 3.71647
0.78613 0.98807 -0.37631 2.26753
1.07258 1.35269 -1.25916 2.94994
13.58098 4.54527 7.59822 23.31516
2.59855 1.41459 -0.03905 4.39339
3.47576 1.07410 1.47911 5.76955
3.94232 1.18516 1.74038 5.72512
4.11452 1.28553 2.19476 6.78121
5.15396 1.73287 2.33041 7.92715
7.77312 2.36458 3.88578 11.76962
9.87674 2.31615 7.01375 14.53232
