# avg	std	min	max
2.01245 0.95378 0.17065 3.39639
0.82189 0.97793 -1.18629 2.27419
0.09398 0.78468 -1.56105 0.95283
-1.09160 0.97115 -2.81538 0.06782
-0.00760 0.01176 -0.03047 0.00219
-1.10910 0.73494 -2.21498 -0.31359
1.27687 3.18145 -3.15831 6.79533
6.76814 5.23148 -0.66683 14.25984
1.70260 1.77946 -1.42712 4.97563
1.72518 1.19727 -0.30353 3.46656
1.02097 0.89860 -0.80020 2.40444
1.23142 0.90761 -0.25531 2.43109
5.25037 4.42830 -0.45892 12.80608
1.16392 0.95260 -0.27647 2.53735
0.84096 0.83528 -0.81624 1.84806
1.73192 1.35939 -0.69995 3.29958
2.04429 1.35981 -0.64071 3.45593
1.51829 0.78768 0.16862 2.68141
2.66528 1.01847 0.76065 3.95549
2.12681 1.37507 0.00903 4.04215
