# avg	std	min	max
1.92662 0.81688 0.80376 3.44304
0.82589 0.72654 -0.28704 2.12881
0.08230 0.43688 -0.49792 0.74193
-1.17102 1.00798 -2.21407 1.12552
-0.00541 0.00786 -0.02627 0.00066
-1.08942 0.66495 -1.96402 0.02052
0.77256 1.81067 -1.19889 4.29184
1.26695 1.07592 0.08055 3.44669
5.63351 0.97048 3.49152 7.17288
1.49226 0.60578 0.39003 2.49095
0.81371 0.40150 0.21083 1.69947
1.12378 0.64855 0.34691 2.24176
0.91636 1.36688 -0.73295 3.62468
1.25146 1.04098 -0.04275 2.90351
0.84554 0.72570 -0.29147 2.23490
1.90860 0.63846 1.41294 3.64177
0.86434 0.71838 -0.61645 1.92877
0.78120 0.78682 0.06562 2.45098
0.97473 0.88042 0.09395 3.02917
2.11214 1.37877 0.48473 5.43671
