# avg	std	min	max
1.17116 1.60361 -1.14990 3.80590
0.22046 1.55624 -1.98864 2.79564
0.07157 0.71649 -1.63919 1.08779
0.63991 1.79056 -3.61568 4.04315
-0.03003 0.03854 -0.11855 0.00000
0.00485 1.14510 -2.96529 1.18285
4.77080 4.66114 0.37860 14.75758
7.66469 8.01229 0.37923 27.71856
1.54002 2.35291 -1.30426 5.75786
1.59310 1.17915 -0.02721 3.83330
1.32140 0.96568 -0.70835 3.05398
0.64412 1.39211 -1.44625 2.63427
6.70854 5.69561 0.42722 18.01132
0.72786 1.69551 -3.06613 3.36150
2.21000 1.81121 -0.59821 6.83032
1.91895 1.30594 -1.16641 3.42993
2.91634 1.70259 0.23633 7.24285
2.95902 2.34726 -0.26030 7.49898
3.33380 2.19053 0.83335 8.50951
4.96358 3.63640 -0.54108 11.54171
