# avg	std	min	max
-0.13060 1.02474 -2.07723 1.24047
-0.35806 0.69611 -1.68448 0.61949
0.09207 0.32984 -0.67342 0.47262
-0.58076 0.74133 -2.22558 0.26657
-0.00937 0.01521 -0.05301 0.00378
-0.46379 0.62404 -1.90691 0.27827
-0.17317 0.61019 -1.64736 0.53901
0.21562 0.60724 -0.89194 1.24302
-0.38762 1.21584 -2.36828 1.86715
-0.09613 0.97039 -2.18446 1.05812
0.04746 0.57682 -1.14162 0.71047
0.03133 0.87446 -1.65680 1.08127
-0.24676 0.61293 -1.31664 0.73455
-0.06913 0.68609 -1.21199 0.85854
-0.21474 0.59315 -1.64391 0.65660
-0.33892 1.09249 -1.92940 0.98061
-0.11467 0.67399 -1.53604 1.07069
-0.31933 0.50068 -1.61249 0.18745
-0.04162 0.29571 -0.48348 0.37207
0.27169 0.61483 -1.34392 0.71952
