# avg	std	min	max
-0.68713 2.81434 -6.61972 2.69937
-1.32097 1.95980 -4.45827 0.99589
-0.34408 1.18138 -2.38407 2.15811
-1.08353 1.35096 -3.18443 0.93822
-0.02892 0.06259 -0.20676 0.00120
-2.11764 1.29161 -4.42934 -0.14486
5.12369 3.15325 0.23593 9.65509
6.29261 2.00588 1.83840 8.92999
5.70105 2.65332 1.23527 11.10030
-0.53005 1.80944 -3.87568 1.61921
0.33691 1.81823 -2.17217 4.68081
-0.51862 1.56793 -3.43276 1.45512
6.77657 2.86682 1.91629 11.69652
0.95222 1.44932 -1.98691 3.15913
0.25962 1.48255 -3.04241 1.66259
1.95384 1.00793 -0.61789 2.96787
0.72791 1.57266 -2.45145 2.35369
0.05331 1.48505 -3.02232 2.19143
0.60889 1.30639 -2.10148 2.09985
7.14855 1.92333 2.25017 9.31971
