# avg	std	min	max
1.11402 0.32592 0.52861 1.70340
0.28456 0.19821 0.05580 0.66344
0.70381 0.33967 0.33319 1.58446
-0.24904 0.12010 -0.42505 -0.04891
0.02906 0.33409 -0.44603 0.75872
-0.47202 0.20118 -0.89497 -0.18192
-0.19553 0.15449 -0.39888 0.06122
-0.16571 0.27396 -0.75303 0.16210
5.29467 1.49555 2.15866 7.06614
0.75456 0.34747 0.12444 1.18514
0.97143 0.40418 0.20488 1.58695
0.95427 0.17421 0.67296 1.25185
-0.16810 0.23060 -0.68649 0.14483
0.49431 0.23050 0.04074 0.82939
0.06515 0.27547 -0.18562 0.64847
0.80478 0.35417 0.11736 1.36958
0.21562 0.29535 -0.24427 0.71019
-0.01302 0.00751 -0.02851 -0.00499
0.09129 0.12950 -0.18067 0.30491
0.61117 0.16255 0.32014 0.89352
