# avg	std	min	max
0.27687 0.40726 -0.39310 0.95169
0.30763 0.46075 -0.61050 1.21159
0.68202 0.62911 -0.00880 2.39880
0.02749 0.26348 -0.31128 0.55607
0.38276 0.58938 -0.06005 2.04559
0.18848 0.58554 -0.43710 1.68632
-0.01817 0.38761 -0.85847 0.74464
0.20436 0.64535 -0.89999 1.71433
0.64400 0.71664 -0.59123 1.71923
0.09935 0.60098 -1.49662 0.77093
0.35864 0.73901 -0.36931 2.41426
0.65054 0.46535 0.17475 1.87396
0.03684 0.29596 -0.63934 0.41510
-0.05143 0.53055 -1.01449 0.50698
0.23462 0.45301 -0.12054 1.44693
-0.40156 1.07741 -3.33202 0.37809
0.09067 1.00114 -2.17677 2.01187
-0.01203 0.00930 -0.03221 -0.00084
0.09698 0.11420 -0.14738 0.25251
0.48432 0.23018 0.17972 1.00561
