# avg	std	min	max
0.08973 0.46622 -0.90880 0.63516
0.20745 0.18691 -0.11984 0.50738
0.74482 0.35822 0.27651 1.39466
0.25906 0.24423 -0.15371 0.77272
0.45650 0.38546 -0.00530 1.34651
0.23179 0.36403 -0.27646 0.95085
-0.06002 0.42487 -0.77898 0.54446
0.27827 0.25285 -0.23808 0.68251
0.68290 1.40133 -1.20337 3.32912
0.16734 0.39476 -0.73745 0.52653
0.61984 0.54489 0.01468 1.71101
0.42568 0.46148 -0.18417 1.62731
0.12511 0.34673 -0.64578 0.50535
0.42707 0.24714 -0.04475 0.88014
0.05967 0.27762 -0.66413 0.33921
0.62242 0.42005 -0.07211 1.23089
0.47349 0.20560 0.24252 1.01872
-0.01384 0.01204 -0.03860 0.00180
-0.01807 0.21788 -0.31503 0.40323
0.39075 0.35520 -0.53952 0.73112
