# avg	std	min	max
0.78395 0.26844 0.30532 1.27263
0.32959 0.28252 -0.17144 0.81406
0.43256 0.46135 -0.57238 1.29609
-0.29850 0.58589 -1.90356 0.26029
0.01367 0.53595 -1.20479 0.65147
-0.15218 0.44897 -1.14234 0.51746
0.14682 0.50296 -0.45039 1.12039
0.20837 0.34272 -0.29795 0.63987
3.66154 2.68306 -0.18041 8.71045
0.63675 0.31749 -0.03012 1.08081
0.54579 0.42281 0.06273 1.24981
0.39358 0.46387 -0.42585 1.32803
0.08386 0.29596 -0.23903 0.81021
0.11885 0.56069 -0.85733 0.74338
0.19139 0.20302 -0.32766 0.41020
0.07881 0.54609 -0.99461 0.70571
-0.12950 0.54681 -1.31751 0.73597
-0.01939 0.02705 -0.08925 -0.00000
0.16870 0.48333 -0.90928 1.18742
0.63098 0.20534 0.38914 1.14141
