# avg	std	min	max
0.94768 0.48393 0.02182 1.73634
0.24317 0.46393 -0.50101 1.15707
0.94879 0.52330 0.03408 2.05835
0.05405 0.39948 -0.52323 0.61935
0.42224 0.54493 -0.38551 1.38361
-0.03149 0.51951 -0.73581 0.68059
0.51435 0.75736 -1.30279 1.59111
1.05885 0.41922 0.23408 1.90604
-0.02528 0.84158 -1.20345 1.34618
0.90555 0.43751 0.26202 1.78604
0.99618 0.39284 0.07883 1.38363
0.85508 0.39765 0.06707 1.54692
0.70663 0.53903 -0.33199 1.67104
0.80894 0.56415 -0.33981 1.75838
0.20325 0.28478 -0.29234 0.60113
0.47403 0.85699 -1.31282 1.63114
-0.04850 0.74251 -1.45267 1.27092
-0.01036 0.02482 -0.08299 0.00523
0.21075 0.19568 -0.27950 0.42867
0.99957 0.40843 0.24403 1.70101
