# avg	std	min	max
0.34091 0.72236 -0.97935 1.22744
0.23961 0.19480 -0.03167 0.66704
1.29388 0.57528 0.68815 2.55235
0.17298 0.21062 -0.12013 0.65624
0.98204 0.70657 0.14921 2.30438
0.13294 0.33968 -0.17214 1.07535
0.26528 0.27689 -0.32080 0.79328
0.54284 0.32009 0.12371 1.14778
4.81929 1.68478 2.46749 8.25160
0.51837 0.40655 -0.62894 0.87330
1.11320 0.29147 0.58326 1.66063
0.89670 0.18950 0.65432 1.35681
0.35626 0.20269 0.11760 0.81207
0.20587 0.51855 -1.17051 0.91367
0.13624 0.29744 -0.12770 0.94821
0.75561 0.67816 -1.06685 1.43624
0.56910 0.28272 0.06462 1.09690
-0.00650 0.01396 -0.04107 0.01878
-0.18647 0.16425 -0.49553 0.05097
0.35732 0.34263 -0.18737 1.06356
