# avg	std	min	max
1.45531 0.28531 0.97168 1.92788
0.37751 0.23567 -0.01419 0.70769
0.74313 0.48437 0.07531 1.59475
-0.60361 0.21356 -1.01414 -0.23916
0.34860 1.04381 -0.85130 2.56069
-0.90234 0.23243 -1.27921 -0.55150
-0.08803 0.43350 -0.82709 0.65283
0.08094 0.64189 -0.79889 1.81968
6.58487 2.63415 4.06929 12.47042
1.17164 0.31546 0.65571 1.64867
1.09254 0.58432 0.14522 2.13287
0.95411 0.15334 0.68080 1.27505
0.23103 0.48204 -0.70957 0.83341
0.80861 0.57622 -0.71311 1.28325
0.29127 0.22131 -0.06561 0.72843
0.95073 0.42828 0.35383 1.90153
0.04673 0.18338 -0.18299 0.43881
-0.00748 0.00879 -0.02924 -0.00092
0.45533 0.10523 0.31328 0.67623
0.85858 0.29069 0.27978 1.36148
