# avg	std	min	max
1.61010 0.39400 0.73790 2.16096
0.53695 0.33919 -0.06180 1.02390
0.60706 0.70388 -0.38285 2.42342
-0.52380 0.30290 -1.13013 -0.04981
-0.11087 0.81644 -0.71597 2.23414
-0.58659 0.29274 -0.97832 -0.01520
0.63209 1.21036 -0.06660 4.15678
0.46905 1.38595 -0.59205 4.46841
5.25460 2.15262 -0.12614 8.60485
1.42440 0.37618 0.89957 2.15839
1.54135 0.41362 0.80190 2.17725
1.07764 0.32410 0.65936 1.72517
0.59249 0.81877 0.01520 2.87212
0.82703 0.51458 -0.15583 1.52141
0.12618 0.36078 -0.39499 0.67767
1.56310 0.45501 0.82107 2.58023
0.52927 0.26568 0.11904 1.02743
-0.01650 0.02248 -0.07636 0.00718
0.26460 0.21760 -0.05628 0.54247
0.85662 0.39717 0.19783 1.45582
