# avg	std	min	max
0.18479 1.17184 -2.05643 1.98977
0.57230 0.51251 -0.34388 1.38732
1.27642 1.52480 -0.42970 5.08679
0.33926 1.02254 -0.91856 2.59549
1.31712 1.60133 -0.76352 5.14861
0.41177 0.79493 -0.76765 1.41307
-0.12909 0.66924 -1.03559 1.02050
0.49179 0.90820 -0.91500 1.50713
3.64217 2.55510 -0.84430 8.44475
0.48808 0.34076 0.01060 0.95154
1.23253 1.37890 -0.34959 4.81832
0.56025 0.49901 -0.04246 1.39094
-0.11042 0.66819 -1.28713 0.79827
-0.01141 0.02680 -0.07440 0.02920
0.21699 0.56918 -0.49775 1.67780
0.65515 0.88469 -0.43130 2.86701
0.74053 0.94904 -0.29948 2.91249
-0.08345 0.62795 -0.97863 1.22469
0.05475 0.60375 -0.90228 1.31712
0.25025 0.52923 -0.45352 1.24024
