# avg	std	min	max
0.56237 0.47286 -0.01509 1.39414
-0.16206 0.43777 -0.73336 0.63607
0.67822 0.52800 -0.34176 1.67973
-0.41379 0.57844 -1.53565 0.52982
0.19735 0.49658 -0.82285 1.11067
-0.49669 0.58363 -1.46182 0.32316
-0.42539 0.47435 -0.92458 0.55767
-0.06578 0.56508 -0.82441 0.97739
-0.36487 0.94565 -1.75435 1.23739
0.21114 0.39988 -0.14191 1.24815
0.36414 0.56719 -0.73228 1.31320
0.53233 0.43760 0.15208 1.22797
-0.32668 0.53198 -1.31995 0.51795
-0.01291 0.01481 -0.05047 0.00083
-0.31410 0.42774 -0.88509 0.62898
0.18017 0.50114 -0.40422 1.20376
-0.20985 0.62247 -0.94357 1.18307
-0.19400 0.48908 -0.90342 0.68590
-0.26246 0.57077 -1.54149 0.49216
0.25503 0.34385 -0.20232 0.98425
