# avg	std	min	max
0.44032 0.63257 -0.96778 1.50763
0.08464 0.53694 -0.70193 0.82436
0.79959 0.94363 -0.61860 2.29749
-0.44709 0.75463 -1.67349 0.79125
0.25448 1.07965 -1.31751 2.10201
-0.48432 0.66591 -1.54993 0.65066
0.16713 0.84753 -1.14026 1.35374
0.37704 1.01964 -1.10829 2.35758
6.95414 2.50081 3.55432 10.72464
0.41541 0.55281 -0.48741 1.12188
0.74806 0.99663 -1.06978 2.24866
0.74586 0.57972 -0.04089 1.65767
0.34635 0.79269 -0.89828 1.35831
-0.02438 0.05117 -0.17280 0.00090
0.07059 0.73656 -0.79246 1.69493
0.72662 0.64848 0.08362 1.84198
0.11159 0.73792 -1.00613 1.41953
-0.05530 0.75867 -1.10317 1.25121
0.19174 0.79851 -0.82728 1.59850
0.62961 0.64788 -0.06819 1.88012
