# avg	std	min	max
0.07885 0.53640 -0.69852 1.04086
-0.13708 0.43055 -0.61196 0.82541
0.49360 0.52100 0.00664 1.56318
-0.25721 0.52160 -1.01803 1.04847
0.20720 0.51871 -0.31535 1.40245
-0.29892 0.49114 -0.98877 0.80115
-0.22984 0.44854 -0.88416 0.45672
-0.02521 0.47191 -0.90979 0.58209
-0.35733 1.56369 -1.73950 3.55527
0.14114 0.37678 -0.18578 0.98975
0.56451 0.55156 -0.11865 1.56771
0.25078 0.36177 -0.26651 0.92373
-0.14768 0.42558 -0.58083 0.82496
-0.01571 0.02105 -0.07386 0.00107
-0.02487 0.46663 -0.65314 1.09081
-0.36377 0.48531 -1.13941 0.63403
-0.27568 0.32412 -0.68489 0.13329
-0.20810 0.37730 -0.58127 0.68415
-0.05078 0.38009 -0.62542 0.58997
0.27077 0.33036 -0.14328 0.88804
