# avg	std	min	max
-0.28889 1.61646 -3.14408 1.75612
0.41644 0.89789 -1.39895 1.86238
1.89493 1.00047 0.27197 3.80888
-0.86533 1.20994 -2.57741 1.19460
1.68977 1.11722 -0.43026 3.67822
-0.94085 1.09496 -2.85834 1.16893
-0.68258 1.30016 -3.18478 1.39414
0.33653 0.67731 -1.05013 1.07446
3.27120 1.51909 0.55352 5.63066
1.20052 0.99009 -0.73869 2.66787
2.25424 1.79873 -0.63362 5.30566
0.67550 0.91015 -1.06611 2.44496
-0.47510 1.14204 -2.59222 1.51771
-0.01471 0.02276 -0.07912 0.00191
0.71898 0.70914 -0.57792 1.98950
1.34079 0.52512 0.58028 2.18198
0.95460 0.70775 0.10296 2.21843
0.35739 0.87798 -0.87516 2.41954
0.73930 0.90276 -0.48165 2.88260
0.52570 0.77045 -0.74572 1.90477
