# avg	std	min	max
-0.03032 1.10375 -2.32787 1.46064
-0.30640 0.55373 -1.36662 0.30815
-0.07113 0.52372 -0.93347 0.89904
-0.55732 0.49232 -1.26578 0.21165
-0.17410 0.68259 -1.23694 1.22165
-0.71791 0.41344 -1.37817 -0.04864
-0.58075 0.38249 -1.19590 0.16573
0.05178 0.54147 -0.64865 1.27755
1.46783 1.99832 -2.24624 3.87032
0.15032 0.25247 -0.33762 0.66715
0.38890 0.54558 -0.33383 1.38691
-0.00990 0.32365 -0.40941 0.59205
-0.49314 0.38962 -1.15417 0.16799
-0.00683 0.00990 -0.02146 0.00841
-0.18073 0.36725 -0.83910 0.32455
-0.20331 0.30994 -1.03988 0.01023
-0.12996 0.26201 -0.50046 0.56047
-0.43372 0.37587 -1.15435 0.11126
-0.13530 0.42916 -0.73346 0.50719
0.06241 0.35445 -0.61358 0.63642
