# avg	std	min	max
0.93506 0.76075 -0.78288 1.92475
0.75654 0.53440 -0.64991 1.35469
1.49141 0.77893 0.39253 3.00593
0.50684 0.78071 -0.89240 1.60158
1.23780 0.74988 -0.01092 2.36294
0.68293 0.70929 -0.63325 1.65959
0.90578 1.02352 -1.23388 2.29757
1.42853 0.71822 0.35985 2.71517
-0.01011 0.02633 -0.08890 0.00269
1.39874 0.50052 0.59182 2.16687
1.67680 0.81882 0.85859 3.61530
1.05573 0.55263 0.09461 1.90080
1.18603 0.76327 -0.40470 2.44851
1.26554 0.45048 0.61336 2.12477
1.08895 0.52019 0.48310 2.11981
0.98265 0.64644 0.01479 2.24355
0.95876 0.53650 -0.10012 1.78218
0.88733 0.56589 -0.27928 1.61579
1.12742 0.49424 0.45310 2.04408
1.83080 0.58685 0.97577 3.00187
