# avg	std	min	max
0.20767 0.51886 -0.76576 1.05145
0.10051 0.35226 -0.46241 0.78511
0.80826 0.90688 -0.11400 2.68217
-0.06007 0.40518 -0.65967 0.71359
0.71780 1.13742 -0.33203 2.92647
-0.02123 0.79629 -1.21644 1.56480
-0.36032 0.59926 -1.43703 0.59519
0.36753 0.83929 -0.71260 1.73281
1.11424 2.30467 -1.14561 5.77535
0.30862 0.46753 -0.82823 0.78873
0.94429 1.12405 -0.30950 3.09118
0.36611 0.38388 -0.14520 1.35279
-0.26024 0.49485 -1.07659 0.41041
0.13011 0.26440 -0.32498 0.49274
-0.01134 0.01004 -0.02633 -0.00000
0.14549 0.49697 -1.02525 0.91916
0.02355 0.28263 -0.32781 0.58362
-0.29327 0.27912 -0.73344 0.23435
-0.37265 0.29814 -0.75526 0.14746
0.12989 0.25040 -0.24946 0.57582
