# avg	std	min	max
-3.70422 2.44807 -8.15539 0.24375
-3.15111 1.57059 -6.09353 -0.70449
-0.95683 1.84810 -4.06337 2.21490
-1.58126 1.19829 -3.25833 0.35130
0.36324 1.39189 -1.32757 2.18075
-1.74344 1.32584 -4.50609 -0.32797
7.12395 4.33048 -2.10261 11.67568
14.51868 6.38661 5.14912 22.29788
1.32235 3.97733 -3.50666 10.01297
-2.36674 1.60391 -4.41439 0.13075
-0.44514 1.75794 -3.18403 2.32847
-2.41750 1.53999 -5.05320 0.83005
8.80682 5.06786 -1.02966 14.68126
-0.20307 1.15695 -1.98397 2.65901
-0.09739 0.18499 -0.64594 0.00000
1.05506 1.28149 -1.12690 3.22828
1.87836 0.85312 0.98275 3.80599
2.10868 1.60878 -0.72049 4.60162
4.28658 2.75748 -0.10412 8.79855
7.15120 4.00365 -0.59415 12.07282
