# avg	std	min	max
0.69142 0.29229 -0.06695 1.03920
0.05368 0.24792 -0.30229 0.63739
0.21735 0.30194 -0.23406 0.76105
-0.78945 0.30107 -1.15438 -0.19201
-0.40978 0.37546 -0.93729 0.22964
-0.86460 0.43185 -1.46381 -0.05111
-0.58109 0.39701 -1.10910 0.14415
-0.19873 0.50936 -0.94865 0.68507
3.49053 1.41398 1.58111 6.33467
0.30997 0.46365 -0.63241 0.87037
0.26959 0.57070 -0.67234 1.15456
0.44510 0.11251 0.28428 0.59903
-0.28464 0.48760 -0.98413 0.65085
-0.04657 0.35730 -0.66559 0.54691
-0.01650 0.02424 -0.08477 0.00665
0.70409 0.32665 -0.09249 1.21676
0.28960 0.46819 -0.60330 1.28491
-0.21068 0.41809 -0.66294 0.73222
0.02756 0.52039 -0.66493 1.18859
0.12508 0.39634 -0.32323 0.84942
