# avg	std	min	max
-0.41358 1.68301 -2.93203 1.21198
0.21400 0.28847 -0.51230 0.54615
0.53373 0.10736 0.36115 0.71068
0.11614 0.09596 -0.07616 0.22829
0.14250 0.14315 -0.06922 0.42408
-0.08178 0.16988 -0.44363 0.14656
0.10443 0.36593 -0.90159 0.45431
0.24362 0.25577 -0.27895 0.59374
0.64517 1.89444 -1.47936 3.04299
0.36057 0.63555 -1.22683 0.97882
0.29595 0.59381 -1.06131 0.92677
0.55549 0.57273 -1.01400 1.06053
0.19445 0.30303 -0.57107 0.50324
0.24237 0.68582 -1.38253 0.83085
-0.01734 0.02176 -0.06344 0.00149
-0.49430 0.46678 -1.42408 0.12649
-0.64727 0.50988 -1.33753 0.17756
0.20747 0.52790 -1.32455 0.52832
0.36760 0.64254 -1.46753 0.77862
0.62058 0.23785 0.19462 0.93530
