# avg	std	min	max
0.22696 0.88014 -1.54154 1.26466
-0.17986 0.35882 -0.69390 0.37425
0.15785 0.65215 -0.73357 1.20373
-0.88792 0.48210 -1.63218 0.24482
0.03821 0.82703 -0.85713 1.93519
-0.84973 0.44123 -1.59770 0.16880
-0.56419 0.67370 -1.40602 0.66749
-0.19724 0.66629 -1.41277 0.91422
0.76511 1.55076 -1.43786 3.92876
0.69251 0.45739 -0.12925 1.34810
0.52611 0.55373 -0.77908 1.27540
0.37954 0.44767 -0.30717 1.12141
-0.37037 0.55675 -1.11231 0.65017
0.27405 0.65582 -0.89198 1.16244
-0.02391 0.03346 -0.07699 0.02760
0.18507 0.77758 -1.57699 1.01272
-0.31371 0.29959 -0.79280 0.11135
-0.30573 0.49714 -0.99038 0.53403
-0.05458 0.46249 -0.59304 0.76044
0.52065 0.48765 -0.24995 1.22032
