# avg	std	min	max
1.16145 0.41741 0.05463 1.56696
0.22514 0.16222 0.01934 0.55298
0.61135 0.43453 0.05306 1.44695
-0.48278 0.32868 -0.97553 0.05979
-0.04122 0.44318 -0.68027 0.66331
-0.66840 0.40679 -1.11512 -0.02679
-0.03260 0.34109 -0.70667 0.47681
0.05242 0.31925 -0.47464 0.69937
2.71625 2.03523 -0.07726 5.72499
0.53083 0.48707 -0.45653 1.30033
0.66419 0.36301 0.16258 1.54979
0.73823 0.24951 0.28668 1.07899
0.09534 0.34646 -0.66320 0.56890
0.56044 0.21584 0.20190 0.87914
-0.00657 0.02579 -0.06608 0.04004
0.45661 0.09707 0.29263 0.58802
-0.14044 0.20560 -0.54981 0.14058
0.05254 0.24782 -0.29932 0.45835
0.10272 0.41393 -0.80104 0.52515
0.55788 0.18752 0.29187 0.82456
