# avg	std	min	max
0.86468 0.32322 0.07884 1.18828
0.15877 0.27022 -0.31677 0.51719
0.78618 0.39071 -0.08798 1.34297
-0.29247 0.45724 -1.04577 0.73595
0.37394 0.66341 -0.62047 1.72632
-0.72547 0.37939 -1.25711 -0.06638
-0.04945 0.41386 -0.55086 0.82143
-0.26469 0.36251 -0.83118 0.46124
3.43219 2.59987 -2.06635 6.32726
0.61680 0.20366 0.24725 0.92628
0.74087 0.50918 -0.05466 1.50817
0.75477 0.22689 0.38507 1.13052
0.01953 0.28353 -0.42654 0.40583
0.36556 0.37730 -0.48755 0.88854
-0.02199 0.02573 -0.06601 0.00247
0.32515 0.62528 -0.72740 1.16744
0.07173 0.36840 -0.46689 0.72588
-0.09704 0.46883 -0.67382 0.93731
0.07688 0.33641 -0.48218 0.50955
0.67751 0.18655 0.38434 1.08570
