# avg	std	min	max
-0.15382 0.00000 -0.15382 -0.15382
-0.00000 0.00000 -0.00000 0.00000
-0.08292 0.00001 -0.08294 -0.08291
-0.04510 0.01431 -0.05793 -0.02263
0.06971 0.00351 0.06390 0.07249
0.17006 0.00474 0.16353 0.17507
0.12060 0.00111 0.11932 0.12229
0.39015 0.02194 0.35596 0.41125
1.28301 0.01422 1.26070 1.29824
0.01540 0.17241 -0.19868 0.15638
-0.16782 0.00001 -0.16783 -0.16781
-0.04156 0.00899 -0.05949 -0.03631
0.11435 0.00378 0.10912 0.12083
0.03656 0.00019 0.03626 0.03675
-0.22626 0.00085 -0.22722 -0.22489
-0.37810 0.01408 -0.40341 -0.36299
-0.07349 0.00070 -0.07463 -0.07243
-0.54665 0.01937 -0.57008 -0.51363
-0.39161 0.22267 -0.78877 -0.20307
0.23444 0.04030 0.18042 0.26851
