# avg	std	min	max
5.51068 0.03519 5.46028 5.55650
4.65654 0.02620 4.61362 4.68845
6.02296 0.15969 5.72260 6.16799
4.89950 0.76699 4.21265 5.86742
5.55329 0.17098 5.26258 5.72264
4.95623 0.29170 4.52460 5.43203
6.90737 1.50208 5.06240 8.25347
4.77501 0.58514 4.00703 5.71051
8.05622 0.11993 7.95967 8.28449
4.35013 0.03338 4.30800 4.39913
5.41713 0.12430 5.30690 5.59661
-0.00598 0.01915 -0.03960 0.01625
8.17583 0.29367 7.67134 8.54597
7.54314 0.58186 6.56466 8.05838
7.17360 0.19829 6.85349 7.43982
8.33946 0.14898 8.12022 8.52537
6.85896 0.12936 6.72501 7.08583
6.14570 0.16962 5.94534 6.42790
6.42910 0.45122 5.91061 7.16864
10.35731 1.26060 8.58215 11.65050
