# avg	std	min	max
5.06789 0.02167 5.04627 5.09991
4.93241 0.05699 4.83185 4.98622
6.14914 0.15861 5.83914 6.28092
5.00813 0.47705 4.57567 5.93848
5.51950 0.08046 5.41774 5.62346
4.78095 0.03399 4.73391 4.81386
5.05664 0.04289 4.99429 5.11908
5.01492 0.06325 4.91455 5.10717
5.56846 0.03230 5.51644 5.61722
5.47491 0.04593 5.39241 5.52208
6.25561 0.12073 6.10892 6.40818
-0.02291 0.04154 -0.08032 0.01992
5.11235 0.02650 5.07571 5.14236
4.91083 0.02970 4.87351 4.94797
4.89099 0.03313 4.86491 4.95141
5.28518 0.01954 5.26694 5.31918
5.12470 0.04653 5.06053 5.18061
4.76014 0.07982 4.61301 4.85102
4.71051 0.05173 4.65466 4.80245
5.35125 0.04730 5.27416 5.40129
