# avg	std	min	max
0.58806 0.13248 0.39703 0.79912
-1.23037 0.12022 -1.37413 -1.06715
-0.83807 0.25717 -1.08354 -0.39021
0.27466 0.74384 -0.58260 1.19953
0.10247 0.33103 -0.40810 0.48091
0.58867 1.72160 -1.54204 3.20062
1.70897 1.26511 0.10249 3.98489
2.64509 2.46092 1.03790 7.50212
5.33407 0.31587 4.99541 5.85948
-0.19393 0.08410 -0.34325 -0.08519
-0.92423 0.25583 -1.33727 -0.61588
-0.90048 0.17934 -1.12426 -0.59767
1.33114 0.73863 0.05131 2.23805
-1.44933 0.18662 -1.65276 -1.10572
2.72009 1.15175 1.64403 4.75448
-0.06123 0.01100 -0.07547 -0.04399
1.59202 3.89124 -1.39909 9.21070
1.48583 0.57327 0.91780 2.46810
1.91541 0.57029 1.12429 2.55471
10.11834 6.20979 2.03083 16.55550
