# avg	std	min	max
1.74062 0.53949 1.23952 2.54011
0.79746 0.30163 0.47017 1.22937
-0.23316 0.47787 -0.97926 0.20744
-0.65153 0.35691 -0.98224 0.02712
-0.94255 0.51988 -1.52850 -0.29505
-0.83415 0.70214 -1.54737 0.32756
3.64070 2.10554 1.90066 7.74181
7.32138 2.04123 4.91184 10.15500
-0.24829 0.47598 -0.87824 0.57107
1.61646 0.59544 0.92075 2.34549
1.85472 0.37008 1.21811 2.29753
1.02358 0.36422 0.53611 1.44488
5.12952 0.78038 4.36281 6.59177
1.32289 0.12096 1.18218 1.48317
1.33789 0.43449 0.64707 1.96257
1.73706 0.14813 1.46635 1.91666
-0.20256 0.02884 -0.25151 -0.16971
0.11134 0.33227 -0.33862 0.67606
1.21303 0.39447 0.61001 1.67092
5.15964 1.64587 2.73394 6.94487
