# avg	std	min	max
1.23004 0.01137 1.21619 1.25072
0.26067 0.02189 0.22660 0.29575
0.00657 0.01213 -0.01371 0.01980
-0.63257 0.03429 -0.68747 -0.58756
-0.53137 0.00809 -0.54583 -0.52515
-0.39474 0.02632 -0.42724 -0.35258
-0.26644 0.01859 -0.28665 -0.23631
0.21746 0.00494 0.21103 0.22582
3.09130 0.01671 3.07669 3.12357
0.99190 0.01524 0.97634 1.01919
1.02131 0.03420 0.96808 1.06810
0.67539 0.01246 0.65609 0.69346
-0.15114 0.00877 -0.16369 -0.13698
0.20310 0.02749 0.15268 0.22815
0.20577 0.01405 0.18839 0.23122
0.58564 0.01578 0.55809 0.60694
-0.03083 0.02184 -0.07125 -0.00952
-0.05671 0.00813 -0.07207 -0.04808
0.19208 0.04509 0.11104 0.24535
0.24201 0.00913 0.23000 0.25622
