# avg	std	min	max
0.54131 0.00178 0.54042 0.54488
0.38067 0.00178 0.37978 0.38423
0.74445 0.04995 0.66710 0.78884
-0.55620 0.11126 -0.72058 -0.41805
0.23144 0.06921 0.10550 0.31838
-0.56031 0.11609 -0.66364 -0.33777
-0.11352 0.05405 -0.21479 -0.05607
0.17975 0.08836 0.07580 0.27552
2.18082 0.29305 1.92016 2.58857
-0.06499 0.00136 -0.06584 -0.06229
0.52088 0.00333 0.51915 0.52754
-0.15832 0.00915 -0.17654 -0.15265
-0.09599 0.14254 -0.29892 0.13281
0.05052 0.00739 0.04608 0.06521
0.12140 0.01256 0.10062 0.13667
0.09177 0.01778 0.07905 0.12700
-0.00222 0.00000 -0.00222 -0.00222
-0.17869 0.03832 -0.25499 -0.15409
0.06638 0.03567 0.03331 0.11218
0.31879 0.02305 0.28640 0.35370
