# avg	std	min	max
1.21138 0.03463 1.16610 1.27216
0.07559 0.01089 0.06186 0.09020
0.06213 0.06825 -0.01046 0.17468
-0.78671 0.04986 -0.86312 -0.71711
-0.58291 0.03685 -0.64908 -0.53949
-0.92471 0.05148 -0.97732 -0.84406
-0.15898 0.06041 -0.24813 -0.06098
-0.16488 0.03971 -0.22466 -0.12315
-0.19920 0.03110 -0.24721 -0.16362
1.11249 0.02544 1.08221 1.15208
0.99298 0.03158 0.94755 1.02981
0.74829 0.05014 0.68082 0.82371
-0.03477 0.11307 -0.15342 0.17391
0.84953 0.15390 0.55652 0.98043
-0.10934 0.13302 -0.22546 0.14999
0.02457 0.17389 -0.25147 0.29034
-0.05971 0.04229 -0.10181 0.00839
-0.16979 0.39077 -0.94950 0.05964
0.40883 0.06775 0.28601 0.46722
0.59948 0.10770 0.40126 0.72156
