# avg	std	min	max
2.81164 0.03836 2.76515 2.85284
1.10007 0.14531 0.90314 1.30228
3.21221 0.27552 2.68157 3.42326
-0.13462 0.02614 -0.18089 -0.10636
2.59456 0.12515 2.50828 2.84333
0.18888 0.06324 0.08489 0.25758
-0.01395 0.01975 -0.03939 0.02004
0.32242 0.29109 -0.02622 0.83884
5.53155 0.03712 5.47945 5.57098
2.03181 0.13429 1.82982 2.19272
3.02676 0.86813 2.05949 4.63856
1.77419 0.21237 1.51292 1.95805
0.48546 0.03218 0.42914 0.52299
2.05988 0.21033 1.65778 2.23324
1.22507 0.40493 0.73115 1.85859
2.55231 0.05491 2.47792 2.63535
2.34964 0.05749 2.28680 2.45432
1.24706 0.07762 1.12361 1.36236
1.61666 0.14054 1.47977 1.82993
2.27388 0.04517 2.21028 2.33811
