# avg	std	min	max
0.00000 0.00000 0.00000 0.00000
-0.95226 0.00000 -0.95226 -0.95226
-0.45422 0.02187 -0.47642 -0.41569
-1.35039 0.00073 -1.35103 -1.34907
-1.18892 0.00166 -1.19057 -1.18621
-1.41708 0.15614 -1.67187 -1.24261
-1.24356 0.05460 -1.30988 -1.17886
-1.39404 0.07318 -1.51794 -1.31446
2.77773 0.23552 2.50727 3.21337
-0.89115 0.00075 -0.89184 -0.89013
-0.17013 0.00353 -0.17399 -0.16376
-0.24842 0.00541 -0.25279 -0.23810
-0.70318 0.01865 -0.72041 -0.68019
-0.85139 0.01651 -0.86073 -0.81844
-1.14198 0.02523 -1.17097 -1.10492
-0.07161 0.01598 -0.09109 -0.05508
-0.61424 0.01220 -0.63268 -0.59807
-1.40591 0.05180 -1.47124 -1.31879
-1.60360 0.13288 -1.72988 -1.36394
-0.45436 0.03724 -0.47529 -0.38002
