# avg	std	min	max
5.85988 0.00381 5.85525 5.86600
3.74565 0.00156 3.74271 3.74699
1.31336 0.00253 1.30985 1.31731
0.95772 0.21651 0.84351 1.39058
-0.00093 0.00473 -0.00960 0.00463
1.70696 0.82371 1.03390 3.22033
9.61402 0.97691 8.53587 11.13320
21.74354 3.14761 16.35650 25.61410
7.58696 0.03797 7.52780 7.63825
4.20286 0.00547 4.19562 4.21176
3.34197 0.00511 3.33510 3.34805
3.56291 0.00809 3.55308 3.57309
17.02034 3.99217 13.63790 22.08340
4.60470 0.00531 4.59492 4.61114
4.68125 0.26214 4.20739 4.96651
6.46303 0.00513 6.45707 6.47200
5.59384 0.01433 5.58472 5.62230
7.28942 1.22649 6.13725 9.42338
9.53467 0.89551 8.74569 11.25690
9.35132 0.31946 9.01372 9.77833
