# avg	std	min	max
3.92673 0.10195 3.79954 4.02471
2.68078 0.00397 2.67719 2.68788
1.21891 0.03540 1.16838 1.25244
-0.12753 0.02507 -0.16466 -0.08675
-0.02738 0.01542 -0.05479 -0.00827
1.51700 0.13017 1.39739 1.75370
1.28181 0.16596 1.07365 1.56308
1.79203 0.06842 1.70461 1.90197
7.30200 0.30915 6.71673 7.55522
4.25177 0.04629 4.16000 4.28087
3.18129 0.01782 3.15816 3.20008
3.05635 0.00424 3.04973 3.06114
1.48302 0.12843 1.27081 1.62400
2.65630 0.00446 2.65087 2.66277
3.09527 0.11388 2.92514 3.27772
3.56863 0.16241 3.29549 3.74909
3.32533 0.10279 3.16167 3.42451
3.25498 0.28258 2.84568 3.60356
2.96913 0.09459 2.85729 3.13397
3.69222 0.06564 3.59679 3.79654
