# avg	std	min	max
-1.17799 0.01767 -1.19524 -1.14587
-0.72775 0.03204 -0.76643 -0.67429
-0.05676 0.01221 -0.07048 -0.03967
-0.72489 0.05174 -0.77668 -0.64848
-0.01571 0.01550 -0.03517 0.00407
-0.44922 0.05795 -0.53434 -0.36456
-0.55073 0.05234 -0.62327 -0.49622
-0.22783 0.02770 -0.26268 -0.19367
-1.25806 0.02921 -1.28971 -1.20748
-1.18119 0.02074 -1.19965 -1.14245
-0.65372 0.00967 -0.66056 -0.63476
-0.22714 0.00255 -0.23143 -0.22363
-0.28512 0.02485 -0.32604 -0.25175
-0.89560 0.00761 -0.90473 -0.88618
-0.69649 0.06442 -0.76731 -0.59615
-1.56090 0.02192 -1.59140 -1.52531
-0.97939 0.10767 -1.13612 -0.79848
-0.65475 0.10242 -0.76963 -0.50797
-0.61100 0.09930 -0.76408 -0.51075
-0.10036 0.03790 -0.13735 -0.03109
