# avg	std	min	max
3.01154 0.08142 2.92052 3.15287
1.81367 0.06463 1.69159 1.88090
2.49664 0.41972 1.95420 2.85569
-0.36518 0.10392 -0.49908 -0.23727
2.40021 0.30427 2.05207 2.82937
0.14524 0.05327 0.10273 0.24863
0.88345 0.04493 0.82960 0.95525
0.69496 0.03949 0.62754 0.74520
6.52923 0.13749 6.44482 6.80284
2.01432 0.08339 1.90650 2.15760
2.20339 0.12577 1.95676 2.31116
2.14828 0.13075 1.98800 2.36901
1.32370 0.03158 1.27899 1.35953
2.70290 0.05119 2.61263 2.77035
1.68732 0.21053 1.42561 1.88880
3.25370 0.10062 3.12358 3.39447
1.97430 0.21117 1.73188 2.31188
-0.03651 0.01257 -0.04279 -0.01137
1.24255 0.35652 0.63848 1.61048
2.23818 0.22453 1.99542 2.51511
