# avg	std	min	max
0.15850 0.07272 0.01842 0.23071
0.03529 0.05531 -0.04101 0.12399
1.28916 0.04276 1.23783 1.34390
0.00740 0.01615 -0.00525 0.03790
0.89339 0.03405 0.83375 0.93401
-0.07846 0.02184 -0.10651 -0.04033
0.06229 0.05481 -0.01259 0.13827
0.64646 0.02277 0.62333 0.68423
3.61689 0.07424 3.52606 3.71562
-0.26419 0.04839 -0.32892 -0.19506
0.68925 0.03783 0.65664 0.75192
0.20491 0.04507 0.14204 0.26552
0.16734 0.04294 0.11145 0.22821
0.57806 0.03056 0.55472 0.63757
-0.02732 0.00891 -0.04242 -0.01668
1.15226 0.01292 1.12869 1.16606
0.47340 0.01036 0.46076 0.49161
-0.03122 0.05167 -0.13457 -0.00539
-0.47389 0.42776 -1.26635 -0.08585
-0.02328 0.05054 -0.09823 0.03362
