# avg	std	min	max
1.82516 0.01024 1.81807 1.84535
0.38189 0.10807 0.29950 0.59588
-0.68539 0.04901 -0.72805 -0.59389
-1.54601 0.02677 -1.59600 -1.52384
-1.67376 0.00330 -1.67764 -1.66927
-1.66028 0.00998 -1.67216 -1.64809
-1.61379 0.05640 -1.71537 -1.55959
-0.48888 0.03183 -0.54223 -0.45009
4.28455 0.32808 3.86524 4.72151
0.94222 0.03362 0.92461 1.00946
0.65840 0.00208 0.65658 0.66097
0.87285 0.01158 0.84976 0.87975
-1.27652 0.08282 -1.38650 -1.16397
0.36814 0.04702 0.31443 0.43015
-0.01030 0.01988 -0.02545 0.02841
1.41414 0.05069 1.37201 1.47717
0.54768 0.05282 0.48922 0.62528
-0.03681 0.00000 -0.03681 -0.03681
0.13747 0.16183 -0.09234 0.34163
-0.22235 0.01179 -0.23737 -0.20250
