# avg	std	min	max
0.93762 0.01886 0.91365 0.97087
0.26455 0.00000 0.26455 0.26455
0.61712 0.00212 0.61590 0.62134
-0.25221 0.05144 -0.32906 -0.18480
-0.03723 0.00219 -0.04025 -0.03451
-0.58101 0.01250 -0.59561 -0.56241
-0.16733 0.00579 -0.17780 -0.16036
-0.16233 0.07665 -0.25473 -0.02554
3.14311 0.01814 3.12119 3.16138
0.83510 0.00280 0.83259 0.83858
1.00871 0.00262 1.00471 1.01156
0.84376 0.00053 0.84281 0.84423
-0.00015 0.02094 -0.01792 0.03328
0.80569 0.00847 0.79088 0.81731
0.09885 0.12050 -0.14214 0.16101
0.72535 0.01784 0.68969 0.73488
0.20484 0.00069 0.20369 0.20575
-0.00375 0.00000 -0.00375 -0.00375
0.24007 0.01270 0.23050 0.26441
0.70647 0.01305 0.68820 0.72122
