# avg	std	min	max
0.54365 0.02112 0.50748 0.56818
-0.21300 0.00614 -0.22204 -0.20402
0.07833 0.00828 0.06700 0.09172
-0.56748 0.00611 -0.57314 -0.55602
-0.54407 0.00533 -0.55057 -0.53470
-0.12186 0.11629 -0.35395 -0.05172
-0.59362 0.06089 -0.71269 -0.53924
-0.53454 0.03074 -0.59505 -0.51044
-1.24108 0.00646 -1.25209 -1.23306
0.21378 0.00262 0.20994 0.21694
0.18226 0.00762 0.16941 0.19109
0.20363 0.01315 0.18229 0.21762
-0.42285 0.01341 -0.44492 -0.40476
-0.00827 0.00571 -0.01538 0.00000
-0.94137 0.01520 -0.96157 -0.91499
0.16555 0.00982 0.15445 0.17729
-0.19720 0.05684 -0.30767 -0.15439
-0.77719 0.00663 -0.78783 -0.76692
-0.69904 0.11430 -0.77797 -0.47308
-0.52397 0.01481 -0.54741 -0.50337
