# avg	std	min	max
1.80930 0.00549 1.80488 1.81735
0.92820 0.01729 0.90571 0.94761
1.68577 0.15494 1.56046 1.98247
0.68588 0.02220 0.65628 0.70719
1.22184 0.35046 0.93689 1.91093
0.95542 0.03139 0.91989 1.00563
0.92066 0.03358 0.87717 0.96558
1.52497 0.00646 1.51304 1.53261
2.99961 0.12264 2.88985 3.23788
1.23484 0.03859 1.17689 1.28907
1.18248 0.07744 1.09314 1.29060
1.66679 0.00991 1.65611 1.68095
1.17921 0.05167 1.11015 1.23217
-0.01627 0.00281 -0.01973 -0.01112
0.50986 0.05093 0.43594 0.56229
0.47434 0.03784 0.41040 0.51965
0.75869 0.02963 0.70057 0.77846
1.01448 0.02740 0.98316 1.06166
1.26078 0.02971 1.21931 1.29330
0.99807 0.02325 0.96358 1.03321
