# avg	std	min	max
1.38177 0.00194 1.37821 1.38405
0.44418 0.00084 0.44304 0.44536
0.63025 0.00172 0.62716 0.63231
-0.33525 0.00239 -0.33872 -0.33200
-0.14906 0.03026 -0.20368 -0.12028
-0.33548 0.09678 -0.40295 -0.14771
-0.30876 0.17906 -0.56639 -0.02409
1.11111 0.02971 1.08352 1.14775
4.24946 0.03141 4.22082 4.29993
0.52170 0.01526 0.49602 0.53520
1.14693 0.00324 1.14218 1.14992
1.06222 0.00797 1.04765 1.07053
0.16178 0.13427 0.04908 0.41025
-0.00187 0.00138 -0.00383 -0.00027
-0.03998 0.11525 -0.11417 0.18971
0.71346 0.02709 0.65956 0.73075
0.19811 0.00779 0.18759 0.21034
0.32653 0.14052 0.19581 0.59462
0.79174 0.12011 0.63741 0.94092
0.10850 0.11956 -0.13051 0.17550
