# avg	std	min	max
1.71328 0.08506 1.60738 1.81644
-0.05446 0.01896 -0.07185 -0.01833
1.52349 0.04706 1.47782 1.61070
-2.21457 0.17339 -2.35598 -1.87469
0.88742 0.37402 0.59566 1.61140
-1.03859 0.19640 -1.38016 -0.83267
-1.46892 0.20389 -1.72703 -1.23895
-0.49130 0.58497 -1.02560 0.55608
1.77495 0.02497 1.74063 1.81056
1.33688 0.09659 1.15328 1.43577
0.36862 0.43561 0.07672 1.22757
0.34296 0.06984 0.26136 0.44609
-0.55650 0.44457 -1.39992 -0.20199
-0.05740 0.10386 -0.19732 0.06656
1.74503 0.03360 1.68656 1.78548
1.49018 0.04138 1.44024 1.55470
1.64036 0.44206 0.88751 2.26697
-0.02501 0.54145 -0.51696 0.97878
0.12817 0.31664 -0.29334 0.66880
0.12191 0.15038 -0.14606 0.26576
