# avg	std	min	max
0.68195 0.05404 0.60320 0.77195
0.33979 0.01122 0.32559 0.35499
-0.03679 0.01172 -0.05218 -0.01706
-0.54125 0.01434 -0.56258 -0.52178
-0.49436 0.05741 -0.56948 -0.40832
-0.36269 0.10392 -0.45793 -0.22488
-0.11543 0.05979 -0.19264 -0.01892
0.03862 0.05500 -0.02455 0.13641
0.81567 0.01500 0.78890 0.83063
0.91740 0.01077 0.90785 0.93639
0.22581 0.01822 0.21416 0.26203
0.45540 0.01996 0.44088 0.49473
-0.08986 0.03341 -0.13178 -0.04481
0.62532 0.10664 0.50571 0.80496
-0.03034 0.03006 -0.06796 0.01974
0.50866 0.06485 0.42618 0.59623
-0.22860 0.05669 -0.27909 -0.11989
-0.71442 0.04856 -0.78383 -0.64931
-0.72120 0.04949 -0.78039 -0.65517
0.67147 0.05249 0.60411 0.71638
