# avg	std	min	max
1.70382 0.01875 1.67084 1.72340
0.58735 0.01055 0.56873 0.60133
1.13133 0.02357 1.08421 1.14400
-0.14716 0.02955 -0.19577 -0.10817
0.37174 0.02275 0.33979 0.40540
-0.54442 0.13771 -0.74076 -0.37542
0.43940 0.09803 0.29301 0.55027
0.00413 0.21174 -0.27009 0.27907
-0.50556 0.05043 -0.58474 -0.45930
0.89163 0.01643 0.86801 0.91030
1.06272 0.11893 0.86901 1.23861
1.42444 0.00554 1.41741 1.43447
0.45205 0.06145 0.34290 0.50280
0.90487 0.15982 0.76553 1.16632
-0.00000 0.00000 -0.00000 -0.00000
-0.25466 0.06459 -0.37069 -0.19474
-0.56693 0.01671 -0.59108 -0.53888
-0.01015 0.16931 -0.23026 0.27265
0.34557 0.18363 0.20482 0.70727
1.06368 0.31748 0.42958 1.24598
