# avg	std	min	max
3.35610 0.03404 3.29587 3.40174
1.95262 0.03049 1.90591 1.97695
1.71386 0.04025 1.66090 1.78131
0.92414 0.05345 0.85674 1.02014
1.03091 0.09436 0.85415 1.12398
0.69597 0.03876 0.65024 0.76198
1.07025 0.07987 0.95367 1.16001
1.53445 0.07632 1.40018 1.62303
4.84869 0.21247 4.58543 5.09395
2.10061 0.01193 2.07735 2.10970
2.23928 0.02668 2.19436 2.25988
2.38515 0.02480 2.34601 2.41190
1.28755 0.22801 1.05856 1.69294
1.72015 0.04438 1.64370 1.76791
1.30870 0.04083 1.24898 1.37690
2.59968 0.04660 2.54841 2.68142
1.86108 0.03227 1.80216 1.89066
1.10063 0.10306 0.91461 1.21018
-0.00817 0.00801 -0.01826 0.00639
1.61923 0.04470 1.57728 1.69398
