# avg	std	min	max
1.78677 0.02877 1.73063 1.81301
0.86811 0.00000 0.86811 0.86811
1.01458 0.02675 0.96539 1.04721
-0.91603 0.06151 -0.97640 -0.81537
0.20231 0.00305 0.19853 0.20689
-0.77428 0.02378 -0.81311 -0.75196
-0.52836 0.00859 -0.54468 -0.51915
-0.75778 0.05929 -0.82438 -0.65632
4.24509 0.05746 4.20822 4.35760
0.94945 0.01768 0.93281 0.97101
0.81739 0.00656 0.81403 0.83052
0.93921 0.01166 0.93216 0.96243
0.31915 0.34266 -0.15701 0.69154
0.34014 0.00088 0.33897 0.34154
0.45392 0.01057 0.43537 0.46413
1.18217 0.01203 1.16065 1.19266
0.33953 0.06631 0.24069 0.44985
-0.05361 0.04221 -0.09218 0.02486
-0.05881 0.00000 -0.05881 -0.05881
0.79533 0.02636 0.76631 0.84494
