# avg	std	min	max
2.04322 0.06229 1.92510 2.10565
0.85372 0.08749 0.73586 0.95499
1.93421 0.42629 1.43419 2.68067
0.12849 0.03910 0.07744 0.16334
3.00859 0.29779 2.43465 3.27513
0.39918 0.09200 0.24578 0.51670
1.22408 0.19386 1.00153 1.52956
2.50520 0.07528 2.38322 2.60147
8.34349 0.49821 7.48058 9.01673
1.76364 0.43544 1.20191 2.18111
0.91092 0.49613 0.15850 1.46421
1.79515 0.06368 1.71277 1.89866
1.42392 0.20496 1.09194 1.73852
1.21770 0.38599 0.66901 1.86601
0.79035 0.02105 0.76395 0.81551
2.85502 0.01718 2.83321 2.87650
1.72133 0.12150 1.48660 1.84086
0.15761 0.26134 -0.20057 0.41138
-0.00000 0.00000 -0.00000 -0.00000
1.81310 0.01402 1.78948 1.83250
