# avg	std	min	max
2.10563 0.01714 2.09127 2.13688
1.10575 0.01473 1.08664 1.12593
1.68150 0.04236 1.63575 1.74113
0.82221 0.01393 0.80264 0.84114
2.09165 0.16570 1.92530 2.40660
0.74101 0.03660 0.67043 0.77299
1.26225 0.02009 1.23219 1.29068
1.13151 0.05693 1.07616 1.23995
1.45938 0.09792 1.32375 1.56683
1.29645 0.00839 1.28436 1.30668
1.74761 0.07316 1.60138 1.78757
1.82139 0.01331 1.80590 1.84158
1.27075 0.01370 1.25454 1.28929
1.15502 0.00539 1.14981 1.16453
1.09702 0.02160 1.08252 1.14002
2.19811 0.01874 2.16780 2.22570
1.76193 0.03096 1.73089 1.81539
0.60320 0.03285 0.55259 0.64989
-0.02152 0.00000 -0.02152 -0.02152
1.28492 0.00765 1.27884 1.29809
