# avg	std	min	max
0.97568 0.08413 0.82100 1.06056
0.02593 0.01130 0.00971 0.03577
0.31883 0.02598 0.29621 0.36730
-0.42885 0.06035 -0.52300 -0.36045
-0.29865 0.01089 -0.31648 -0.28683
-0.73395 0.06302 -0.78975 -0.62510
-0.48920 0.00492 -0.49721 -0.48425
-0.32014 0.02451 -0.36478 -0.29985
3.24921 0.07551 3.11569 3.33710
0.24867 0.14749 0.14066 0.52751
0.11564 0.01626 0.09230 0.14240
0.74278 0.01763 0.72272 0.76893
-0.27817 0.01769 -0.30308 -0.24848
-0.13846 0.01588 -0.16407 -0.11822
-0.34098 0.01897 -0.35620 -0.30649
0.30840 0.23855 -0.16503 0.46202
-0.15674 0.01341 -0.18146 -0.14656
-0.16686 0.04905 -0.25498 -0.12256
-0.00900 0.00370 -0.01552 -0.00624
0.17058 0.04344 0.10545 0.23215
