# avg	std	min	max
1.44282 0.06153 1.34321 1.50942
0.35495 0.08968 0.27861 0.51478
0.35606 0.02317 0.33377 0.39311
-0.38417 0.01244 -0.39444 -0.36352
-0.48669 0.04583 -0.54216 -0.41597
-0.72522 0.04132 -0.80783 -0.70328
-0.28221 0.17458 -0.44348 0.03935
0.11008 0.14668 -0.16895 0.22167
3.59658 0.11464 3.42423 3.71136
1.10740 0.01324 1.09210 1.12824
1.06708 0.01754 1.04651 1.08878
0.92140 0.08047 0.82080 0.99082
-0.11440 0.05694 -0.18600 -0.02554
0.32764 0.05653 0.24136 0.40021
-0.13650 0.02697 -0.17813 -0.10623
0.89687 0.07761 0.81790 1.00604
0.61247 0.48039 0.31276 1.56943
0.08407 0.07112 -0.00540 0.18502
-0.03888 0.02351 -0.07049 -0.00692
0.69470 0.18602 0.59259 1.06646
