# avg	std	min	max
0.75331 0.01394 0.74012 0.77058
0.05346 0.01570 0.02312 0.06749
0.58107 0.00612 0.57010 0.58593
-0.25940 0.02829 -0.29676 -0.22326
0.03270 0.02798 -0.00345 0.06221
-0.22751 0.02734 -0.28197 -0.21031
-0.22957 0.00630 -0.23466 -0.21735
-0.24776 0.04576 -0.29766 -0.16786
4.60469 0.02027 4.58266 4.63953
0.83770 0.01478 0.81179 0.85387
0.75599 0.00841 0.74294 0.76762
1.00943 0.00703 1.00343 1.02009
-0.14651 0.22448 -0.59523 -0.02081
0.29556 0.01334 0.27500 0.31327
-0.20219 0.01456 -0.21972 -0.17776
0.70631 0.01572 0.68389 0.73286
0.22534 0.02195 0.20555 0.26516
0.01480 0.11351 -0.09881 0.21665
-0.00274 0.00000 -0.00274 -0.00274
0.32288 0.02006 0.30424 0.35699
