# avg	std	min	max
1.13808 0.01125 1.12352 1.15011
0.66363 0.02283 0.62045 0.68627
-0.15894 0.11324 -0.38226 -0.07357
-1.08298 0.27599 -1.45715 -0.60363
-0.37586 0.21845 -0.76083 -0.19407
0.14504 0.14486 -0.12336 0.28773
0.90016 0.43205 0.07285 1.27529
2.42781 0.23386 1.98042 2.66598
3.30737 0.16411 2.98109 3.40599
-0.06789 0.11666 -0.28315 0.06056
0.02316 0.01365 -0.00370 0.03211
0.32452 0.22163 -0.11815 0.44787
1.01606 0.37911 0.44473 1.55559
-0.60834 0.16230 -0.82057 -0.44994
0.40633 0.37002 -0.08708 0.82335
1.10643 0.09698 0.91348 1.17206
0.99437 0.25302 0.53931 1.24111
0.11385 0.27556 -0.37833 0.44530
0.26893 0.29522 -0.11848 0.58771
1.31555 0.27715 0.97447 1.73180
