# avg	std	min	max
1.54576 0.01372 1.52881 1.56397
0.02869 0.02954 -0.02124 0.06149
0.38876 0.02991 0.33062 0.41360
-0.35108 0.04114 -0.39107 -0.27941
-0.28412 0.05522 -0.35768 -0.21781
-0.46129 0.05071 -0.54029 -0.38215
-0.12484 0.03110 -0.16509 -0.07830
-0.11632 0.02222 -0.14159 -0.07825
3.44472 0.14559 3.30035 3.71952
0.00136 0.00136 -0.00026 0.00339
0.77872 0.22600 0.49920 0.98106
0.75552 0.02487 0.70801 0.78057
-0.06070 0.10714 -0.18030 0.10007
0.13008 0.01681 0.10947 0.15190
0.04513 0.03782 -0.02685 0.07618
0.56675 0.03421 0.53643 0.63275
0.74406 0.00560 0.73858 0.75488
-0.16029 0.09430 -0.30071 -0.05603
0.09134 0.05900 0.02550 0.17484
0.35461 0.04929 0.32022 0.45178
