# avg	std	min	max
0.43286 0.00270 0.43109 0.43822
0.37820 0.00585 0.37434 0.38944
0.03038 0.01387 0.01813 0.05579
-0.53330 0.05422 -0.57571 -0.44136
-0.06318 0.00298 -0.06503 -0.05727
-0.80486 0.02129 -0.83695 -0.78127
-0.90290 0.00328 -0.90653 -0.89694
-0.42336 0.02932 -0.44523 -0.36599
3.27118 0.04998 3.17348 3.30772
-0.00495 0.00292 -0.00729 -0.00053
-0.13735 0.00618 -0.14603 -0.12672
-0.27491 0.00195 -0.27753 -0.27256
-0.72322 0.00612 -0.72752 -0.71114
-0.36353 0.00591 -0.37440 -0.35637
-0.10937 0.01659 -0.12367 -0.07844
0.34901 0.01368 0.32525 0.36624
0.04441 0.01116 0.03417 0.06121
-0.64632 0.02751 -0.68025 -0.61607
-0.35426 0.05812 -0.43556 -0.26723
-0.56006 0.01666 -0.56976 -0.52677
