# avg	std	min	max
1.98663 0.01465 1.96281 2.00570
1.40492 0.02576 1.36097 1.43387
3.12803 0.20522 2.91438 3.48247
1.40520 0.06076 1.29136 1.46620
4.11994 0.38391 3.50388 4.54036
1.64135 0.06289 1.56474 1.73205
1.18953 0.05982 1.08064 1.25290
1.71968 0.06166 1.61129 1.80079
-0.29639 0.07928 -0.37975 -0.18887
0.13235 0.00508 0.12385 0.13895
0.02236 0.02090 -0.00329 0.04642
1.97960 0.04881 1.88452 2.01395
1.23806 0.15865 1.04338 1.46049
0.72407 0.27535 0.43524 1.21237
1.68876 0.03760 1.64566 1.75105
0.01818 0.19119 -0.20307 0.29590
0.37148 0.01837 0.34579 0.40284
1.86689 0.04741 1.80409 1.93855
1.75857 0.06799 1.65934 1.84331
1.16719 0.01320 1.14915 1.18619
