# avg	std	min	max
0.23510 0.00320 0.22870 0.23681
-0.52160 0.00025 -0.52201 -0.52137
-0.22028 0.00233 -0.22302 -0.21718
-0.82316 0.01050 -0.84308 -0.81183
-0.83775 0.02862 -0.85791 -0.78123
-1.14537 0.03835 -1.19978 -1.09511
-1.16032 0.02470 -1.19128 -1.11936
-0.88548 0.01108 -0.89462 -0.87143
2.46989 0.05679 2.37056 2.54807
-0.53414 0.00071 -0.53519 -0.53328
-0.00025 0.00019 -0.00053 -0.00004
0.12062 0.00015 0.12033 0.12076
-1.16978 0.03123 -1.20157 -1.11855
-0.45262 0.00859 -0.46317 -0.44044
-0.78128 0.00205 -0.78533 -0.77990
-0.14921 0.00189 -0.15171 -0.14755
-0.59775 0.00460 -0.60366 -0.59336
-0.64649 0.02173 -0.68129 -0.61907
-0.61501 0.08064 -0.71727 -0.47290
-0.17686 0.03257 -0.19934 -0.11387
