# avg	std	min	max
2.93263 0.01024 2.91955 2.94884
1.21709 0.04986 1.16511 1.29924
0.05728 0.02363 0.01636 0.08232
-0.49559 0.04702 -0.53531 -0.41524
-0.50539 0.19642 -0.79954 -0.18745
0.01163 0.10768 -0.19122 0.12065
0.18373 0.18076 0.00966 0.40305
3.18721 1.03740 1.83698 4.65678
4.09655 0.46741 3.24209 4.47361
1.60545 0.01558 1.58617 1.62870
-0.00029 0.00066 -0.00160 0.00014
1.63547 0.00431 1.62962 1.63965
0.95720 0.45255 0.59504 1.81642
3.50355 0.02322 3.48302 3.53909
2.65974 1.21635 1.18087 4.26164
3.83975 0.37106 3.14012 4.22110
2.06115 0.15009 1.92296 2.33797
2.30850 1.52622 1.29250 5.31545
2.49927 0.81188 1.46701 3.54148
4.19855 4.88546 1.04296 13.81780
