# avg	std	min	max
0.44454 0.05599 0.38813 0.54032
0.01581 0.11116 -0.13908 0.18366
-0.18621 0.02636 -0.22055 -0.14533
-1.08586 0.00558 -1.09122 -1.07864
-0.09710 0.00116 -0.09810 -0.09491
-0.91599 0.10998 -1.01660 -0.76450
-1.33515 0.01720 -1.34763 -1.30221
-0.56024 0.02563 -0.59374 -0.51748
-0.50004 0.06109 -0.59217 -0.40427
0.25656 0.00185 0.25393 0.25922
0.00024 0.00034 -0.00025 0.00069
-0.03719 0.12571 -0.20097 0.13193
-1.16838 0.00578 -1.17598 -1.16153
0.27768 0.06743 0.22511 0.40845
-0.68402 0.24653 -0.93617 -0.22437
0.60832 0.29214 0.04715 0.89067
-0.13075 0.09779 -0.22671 -0.00414
-1.03499 0.03046 -1.07697 -0.98237
-0.43015 0.19395 -0.70510 -0.18679
-0.01386 0.00836 -0.03022 -0.00809
