# avg	std	min	max
1.21369 0.07616 1.13733 1.31957
-0.11386 0.10071 -0.22241 0.02818
-1.01149 0.09350 -1.08631 -0.84226
-0.96360 0.16401 -1.19427 -0.70774
-1.53374 0.10477 -1.66857 -1.40215
-1.01872 0.09997 -1.16307 -0.86627
-0.56671 0.19195 -0.79597 -0.28606
0.18610 0.05952 0.13055 0.29739
-0.23646 0.19154 -0.48335 0.02260
0.97078 0.00169 0.96927 0.97398
0.00195 0.00182 -0.00011 0.00470
0.56754 0.06933 0.49455 0.66437
-0.19686 0.47629 -1.05238 0.39416
-0.08298 0.11487 -0.14445 0.14668
-0.00622 0.07945 -0.15358 0.06690
2.30603 0.13378 2.11880 2.47307
1.40082 0.07717 1.27761 1.51124
-0.61907 0.18146 -0.87018 -0.42721
-0.41069 0.25889 -0.91725 -0.19253
0.97687 0.53099 0.38328 1.65737
