# avg	std	min	max
2.43747 0.17265 2.13199 2.61327
1.46736 0.29803 1.04899 1.96202
2.01013 0.19643 1.72499 2.25188
0.93710 0.18992 0.66509 1.11637
1.39323 0.12932 1.22330 1.56371
0.69297 0.13209 0.48478 0.87484
0.49617 0.10033 0.36825 0.58448
-0.02097 0.02908 -0.06898 0.01606
5.16580 0.18162 4.88070 5.43773
1.67518 0.12339 1.51403 1.87907
1.29768 0.13774 1.14362 1.53276
2.21984 0.21312 1.93922 2.57823
1.33926 0.16229 1.13170 1.52577
1.73079 0.10896 1.52124 1.82581
2.39861 0.39241 2.06479 2.89666
2.94276 0.11637 2.78077 3.13483
2.24516 0.10765 2.06653 2.35538
1.71502 0.12270 1.57808 1.93967
1.83366 0.08685 1.71780 1.97334
2.78455 0.18029 2.42419 2.88428
