# avg	std	min	max
2.34414 0.00911 2.32741 2.35418
1.03257 0.03567 0.96785 1.06571
0.79128 0.53934 0.34611 1.79725
-0.46611 0.05838 -0.52366 -0.35496
-0.23090 0.23201 -0.46185 0.19792
-0.37009 0.01236 -0.39112 -0.35315
0.38283 0.01209 0.36645 0.39800
0.00268 0.18946 -0.12176 0.37634
4.66885 0.23315 4.35885 5.07263
1.99767 0.22091 1.73373 2.27801
1.41714 0.29245 0.91722 1.76785
1.61517 0.04200 1.54079 1.67081
-0.01519 0.00547 -0.02185 -0.00728
1.81867 0.11072 1.67063 1.98894
0.89078 0.05668 0.80212 0.96256
1.55099 0.06274 1.44019 1.63256
1.22488 0.18282 0.92227 1.47813
0.03958 0.15309 -0.07101 0.33764
1.14571 0.22066 0.87999 1.50824
1.56564 0.08753 1.46536 1.68861
