1.5689319297047863;
1.7215607437834137;
1.762368610298257;
1.8425757454102434;
1.7908882326833409;
1.9054026326256814;
1.873441094907866;
2.0052355493690968;
1.9470147291060242;
1.9693442290139411;
1.905868439311073;
1.9403294706224268;
1.9337366284158952;
1.960335121419434;
2.190586276233456;
2.280137750699111;
2.0480259206909883;
1.9601953986441603;
1.8817764014377838;
1.911242242473569;
1.7680625559524599;
1.8979614841738424;
1.770015822543428;
1.839228449514251;
1.8241171000789378;
1.8700346479560948;
1.9388295982234318;
2.06249938486908;
1.9978053992164415;
2.0618172181721013;
2.1119837612325303;
1.9352336903035319;
2.059804138940933;
2.1936072442291357;
2.2331053594387367;
2.2730274753511015;
2.0876325187123794;
2.115421623825254;
2.0163448645517623;
2.1788668584786537;
2.346568709273476;
2.280395983617217;
2.2184265824506024;
2.172644323555289;
2.2412813878263145;
2.3031381581692885;
2.3133609700367535;
2.1423778046177757;
2.2583187773303806;
2.156875002394249;
2.224687385233979;
2.3225091658316845;
2.2317392128258295;
2.1801589861616777;
2.3086260896584028;
2.2522807516455914;
2.2270627308895796;
2.1582963359661145;
2.286288791158875;
2.271513224175038;
2.2255000469721145;
2.237749553657409;
2.161144661204208;
2.1851114931816893;
2.532972869769041;
2.2836707624518504;
2.2056932901980804;
2.1563402862446135;
2.2939503253687463;
2.273765532995849;
2.1926231741705458;
2.1595933162597793;
2.194568696979091;
2.2568683578289805;
2.1126305288845515;
2.20776315977188;
2.208815212391676;
2.187917489891968;
2.1230934763924965;
2.0244247612951356;
2.082034677624797;
2.02508984232898;
2.085466873663425;
2.037512056442327;
2.157645814356387;
2.1059465112931504;
2.09656883933043;
2.190453486389263;
2.1189700140193546;
2.1948555200511044;
2.244219641624385;
2.2547082236087848;
2.158985947349024;
2.086328476900614;
2.1743592690396354;
2.273565691249166;
2.2216224114929473;
2.2366181385296318;
2.195433566024917;
2.2579911625239504;
2.373745568302101;
2.5005357681190827;
2.3492263344428994;
2.2980222611828607;
2.3698181304003203;
2.31448336117556;
2.1514462733519033;
2.2770594215546294;
2.273283156911228;
2.2698955994343266;
2.2613231078251452;
2.3007303047036163;
2.5049297610177605;
2.315331714732685;
2.387176801912257;
2.522151218588578;
2.459228882393468;
2.4364412585335375;
2.5352573611529845;
2.5033569536172613;
2.5338434670687864;
2.465842011252946;
2.5383209586372404;
2.6791775103953195;
2.619708774585051;
2.5102856552644783;
2.530829338440062;
2.419692916633853;
2.486527492434069;
2.4244029984840965;
2.4746080443651324;
2.30570891589029;
2.3921000775910883;
2.405026674074232;
2.354961617382883;
2.3359091175901425;
2.4088632420284357;
2.3220786576967027;
2.491498487785636;
2.5195244586052543;
2.5713160968721596;
2.4810224461045927;
2.5057903090030624;
2.5301534416337623;
2.3960350525515834;
2.3939410662640457;
2.433121363801462;
2.4159688713884635;
2.464623951777487;
2.3403228919412564;
2.405527291782202;
2.3877584923708466;
2.3438952649356346;
2.3829496336768288;
2.4391366244874946;
2.4615581837837968;
2.411382900231845;
2.409586278604883;
2.4001501059622266;
2.317818780214302;
2.3068535025930603;
2.3243317203213922;
2.1781503699203397;
2.1138830407373836;
2.3018027305583817;
2.264021534610415;
2.207954452681224;
2.304083851511581;
2.3384288823028987;
2.338040253675789;
2.4012148600365855;
2.3946000630182063;
2.2626574835655573;
2.2152794776546774;
2.249823593034872;
2.1776495170780414;
2.177647377921495;
2.3239780309869715;
2.253423604716133;
2.2694947945197814;
2.330384575545357;
2.327861548464152;
2.224738125767557;
2.4630377903856226;
2.30347398816936;
2.1944659105934274;
2.181956263510244;
2.1620517696266606;
2.182103504828704;
2.2717258699206084;
2.3801483324112525;
2.2945265373807446;
2.3190751564917904;
2.397250608628336;
2.370275363103051;
2.3896523835965717;
2.439036934749271;
2.4658331499980166;
2.460448841499179;
2.5092898118851648;
2.506692982149468;
2.412118050800993;
2.4899092606579396;
2.4589452447237483;
2.4127699989306763;
2.302371784857377;
2.4844012991537223;
2.2602169472283435;
2.3407522221315324;
2.3278393966970317;
2.3190119773211793;
2.2779521036445134;
2.345555439278824;
2.4460963864419107;
2.4579594973392185;
2.4138513606916723;
2.4411747909102206;
2.477471095992305;
2.3919023879526486;
2.3935566416649925;
2.4973920520007553;
2.521921962009736;
2.537477996408989;
2.3971688541586893;
2.4254999760579374;
2.4417664617451256;
2.3883077338645773;
2.397256390854929;
2.3903178367476783;
2.4042384513109853;
2.469010657879345;
2.44221212698798;
2.3779796884221853;
2.330161233839132;
2.3578812215502594;
2.4892558476315454;
2.4885549208752304;
2.4778844032411587;
2.4621049606198735;
2.4917730959829947;
2.4522553149989137;
2.5652983754585668;
2.569113269563054;
2.4861472182894326;
2.4843472192682197;
2.5042067702298962;
2.4688470444973643;
2.4638020194166;
2.384083402521212;
2.4849554747086824;
2.388886304703336;
2.4551849565585537;
2.5169945990924307;
2.4682817321667745;
2.443369622502912;
2.588443003135498;
2.5363775938277655;
2.548478902060949;
2.458367043331934;
2.5386827327094212;
2.455117039276983;
2.4746195080503868;
2.4307822802316013;
2.48388278821657;
2.52211767571782;
2.5023465900303243;
2.5293285814768374;
2.442212056573024;
2.481607330010107;
2.407131523446882;
2.387794298712292;
2.262067985676502;
2.2432502433241677;
2.3866148197977224;
2.219159255115554;
2.3108153303490195;
2.3289348046958684;
2.3424989942379812;
2.3267212443996574;
2.3770042686621053;
2.3033708517327396;
2.3436707133071657;
2.3496725964022076;
2.392684262023026;
2.382121827946927;
2.147660653652844;
2.3517717818172117;
2.421353141447716;
2.3940961818379134;
2.401455804218178;
2.518484862042871;
2.5643219983937344;
2.584267471744001;
2.4969545684159615;
2.6011638585118395;
2.4686094866260038;
2.4973576940749616;
2.5077877549638163;
2.4996865972194655;
2.566791493479855;
