# avg	std	min	max
-0.15382 0.00000 -0.15382 -0.15382
-0.00000 0.00000 -0.00000 -0.00000
-0.08292 0.00000 -0.08292 -0.08292
-0.04510 0.00000 -0.04510 -0.04510
0.06971 0.00000 0.06971 0.06971
0.17006 0.00000 0.17006 0.17006
0.12060 0.00000 0.12060 0.12060
0.39015 0.00000 0.39015 0.39015
1.28301 0.00000 1.28301 1.28301
0.01540 0.00000 0.01540 0.01540
-0.16782 0.00000 -0.16782 -0.16782
-0.04156 0.00000 -0.04156 -0.04156
0.11435 0.00000 0.11435 0.11435
0.03656 0.00000 0.03656 0.03656
-0.22626 0.00000 -0.22626 -0.22626
-0.37810 0.00000 -0.37810 -0.37810
-0.07349 0.00000 -0.07349 -0.07349
-0.54665 0.00000 -0.54665 -0.54665
-0.39161 0.00000 -0.39161 -0.39161
0.23444 0.00000 0.23444 0.23444
