# avg	std	min	max
5.51068 0.00000 5.51068 5.51068
4.65654 0.00000 4.65654 4.65654
6.02296 0.00000 6.02296 6.02296
4.89950 0.00000 4.89950 4.89950
5.55329 0.00000 5.55329 5.55329
4.95623 0.00000 4.95623 4.95623
6.90737 0.00000 6.90737 6.90737
4.77501 0.00000 4.77501 4.77501
8.05622 0.00000 8.05622 8.05622
4.35013 0.00000 4.35013 4.35013
5.41713 0.00000 5.41713 5.41713
-0.00598 0.00000 -0.00598 -0.00598
8.17583 0.00000 8.17583 8.17583
7.54314 0.00000 7.54314 7.54314
7.17360 0.00000 7.17360 7.17360
8.33946 0.00000 8.33946 8.33946
6.85896 0.00000 6.85896 6.85896
6.14570 0.00000 6.14570 6.14570
6.42910 0.00000 6.42910 6.42910
10.35731 0.00000 10.35731 10.35731
