# avg	std	min	max
5.06789 0.00000 5.06789 5.06789
4.93241 0.00000 4.93241 4.93241
6.14914 0.00000 6.14914 6.14914
5.00813 0.00000 5.00813 5.00813
5.51950 0.00000 5.51950 5.51950
4.78095 0.00000 4.78095 4.78095
5.05664 0.00000 5.05664 5.05664
5.01492 0.00000 5.01492 5.01492
5.56846 0.00000 5.56846 5.56846
5.47491 0.00000 5.47491 5.47491
6.25561 0.00000 6.25561 6.25561
-0.02291 0.00000 -0.02291 -0.02291
5.11235 0.00000 5.11235 5.11235
4.91083 0.00000 4.91083 4.91083
4.89099 0.00000 4.89099 4.89099
5.28518 0.00000 5.28518 5.28518
5.12470 0.00000 5.12470 5.12470
4.76014 0.00000 4.76014 4.76014
4.71051 0.00000 4.71051 4.71051
5.35125 0.00000 5.35125 5.35125
