# avg	std	min	max
0.58806 0.00000 0.58806 0.58806
-1.23037 0.00000 -1.23037 -1.23037
-0.83807 0.00000 -0.83807 -0.83807
0.27466 0.00000 0.27466 0.27466
0.10247 0.00000 0.10247 0.10247
0.58867 0.00000 0.58867 0.58867
1.70897 0.00000 1.70897 1.70897
2.64509 0.00000 2.64509 2.64509
5.33407 0.00000 5.33407 5.33407
-0.19393 0.00000 -0.19393 -0.19393
-0.92423 0.00000 -0.92423 -0.92423
-0.90048 0.00000 -0.90048 -0.90048
1.33114 0.00000 1.33114 1.33114
-1.44933 0.00000 -1.44933 -1.44933
2.72009 0.00000 2.72009 2.72009
-0.06123 0.00000 -0.06123 -0.06123
1.59202 0.00000 1.59202 1.59202
1.48583 0.00000 1.48583 1.48583
1.91541 0.00000 1.91541 1.91541
10.11834 0.00000 10.11834 10.11834
