# avg	std	min	max
1.74062 0.00000 1.74062 1.74062
0.79746 0.00000 0.79746 0.79746
-0.23316 0.00000 -0.23316 -0.23316
-0.65153 0.00000 -0.65153 -0.65153
-0.94255 0.00000 -0.94255 -0.94255
-0.83415 0.00000 -0.83415 -0.83415
3.64070 0.00000 3.64070 3.64070
7.32138 0.00000 7.32138 7.32138
-0.24829 0.00000 -0.24829 -0.24829
1.61646 0.00000 1.61646 1.61646
1.85472 0.00000 1.85472 1.85472
1.02358 0.00000 1.02358 1.02358
5.12952 0.00000 5.12952 5.12952
1.32289 0.00000 1.32289 1.32289
1.33789 0.00000 1.33789 1.33789
1.73706 0.00000 1.73706 1.73706
-0.20256 0.00000 -0.20256 -0.20256
0.11134 0.00000 0.11134 0.11134
1.21303 0.00000 1.21303 1.21303
5.15964 0.00000 5.15964 5.15964
