# avg	std	min	max
1.23004 0.00000 1.23004 1.23004
0.26067 0.00000 0.26067 0.26067
0.00657 0.00000 0.00657 0.00657
-0.63257 0.00000 -0.63257 -0.63257
-0.53137 0.00000 -0.53137 -0.53137
-0.39474 0.00000 -0.39474 -0.39474
-0.26644 0.00000 -0.26644 -0.26644
0.21746 0.00000 0.21746 0.21746
3.09130 0.00000 3.09130 3.09130
0.99190 0.00000 0.99190 0.99190
1.02131 0.00000 1.02131 1.02131
0.67539 0.00000 0.67539 0.67539
-0.15114 0.00000 -0.15114 -0.15114
0.20310 0.00000 0.20310 0.20310
0.20577 0.00000 0.20577 0.20577
0.58564 0.00000 0.58564 0.58564
-0.03083 0.00000 -0.03083 -0.03083
-0.05671 0.00000 -0.05671 -0.05671
0.19208 0.00000 0.19208 0.19208
0.24201 0.00000 0.24201 0.24201
