# avg	std	min	max
0.54131 0.00000 0.54131 0.54131
0.38067 0.00000 0.38067 0.38067
0.74445 0.00000 0.74445 0.74445
-0.55620 0.00000 -0.55620 -0.55620
0.23144 0.00000 0.23144 0.23144
-0.56031 0.00000 -0.56031 -0.56031
-0.11352 0.00000 -0.11352 -0.11352
0.17975 0.00000 0.17975 0.17975
2.18082 0.00000 2.18082 2.18082
-0.06499 0.00000 -0.06499 -0.06499
0.52088 0.00000 0.52088 0.52088
-0.15832 0.00000 -0.15832 -0.15832
-0.09599 0.00000 -0.09599 -0.09599
0.05052 0.00000 0.05052 0.05052
0.12140 0.00000 0.12140 0.12140
0.09177 0.00000 0.09177 0.09177
-0.00222 0.00000 -0.00222 -0.00222
-0.17869 0.00000 -0.17869 -0.17869
0.06638 0.00000 0.06638 0.06638
0.31879 0.00000 0.31879 0.31879
