# avg	std	min	max
1.21138 0.00000 1.21138 1.21138
0.07559 0.00000 0.07559 0.07559
0.06213 0.00000 0.06213 0.06213
-0.78671 0.00000 -0.78671 -0.78671
-0.58291 0.00000 -0.58291 -0.58291
-0.92471 0.00000 -0.92471 -0.92471
-0.15898 0.00000 -0.15898 -0.15898
-0.16488 0.00000 -0.16488 -0.16488
-0.19920 0.00000 -0.19920 -0.19920
1.11249 0.00000 1.11249 1.11249
0.99298 0.00000 0.99298 0.99298
0.74829 0.00000 0.74829 0.74829
-0.03477 0.00000 -0.03477 -0.03477
0.84953 0.00000 0.84953 0.84953
-0.10934 0.00000 -0.10934 -0.10934
0.02457 0.00000 0.02457 0.02457
-0.05971 0.00000 -0.05971 -0.05971
-0.16979 0.00000 -0.16979 -0.16979
0.40883 0.00000 0.40883 0.40883
0.59948 0.00000 0.59948 0.59948
