# avg	std	min	max
2.81164 0.00000 2.81164 2.81164
1.10007 0.00000 1.10007 1.10007
3.21221 0.00000 3.21221 3.21221
-0.13462 0.00000 -0.13462 -0.13462
2.59456 0.00000 2.59456 2.59456
0.18888 0.00000 0.18888 0.18888
-0.01395 0.00000 -0.01395 -0.01395
0.32242 0.00000 0.32242 0.32242
5.53155 0.00000 5.53155 5.53155
2.03181 0.00000 2.03181 2.03181
3.02676 0.00000 3.02676 3.02676
1.77419 0.00000 1.77419 1.77419
0.48546 0.00000 0.48546 0.48546
2.05988 0.00000 2.05988 2.05988
1.22507 0.00000 1.22507 1.22507
2.55231 0.00000 2.55231 2.55231
2.34964 0.00000 2.34964 2.34964
1.24706 0.00000 1.24706 1.24706
1.61666 0.00000 1.61666 1.61666
2.27388 0.00000 2.27388 2.27388
