# avg	std	min	max
0.00000 0.00000 0.00000 0.00000
-0.95226 0.00000 -0.95226 -0.95226
-0.45422 0.00000 -0.45422 -0.45422
-1.35039 0.00000 -1.35039 -1.35039
-1.18892 0.00000 -1.18892 -1.18892
-1.41708 0.00000 -1.41708 -1.41708
-1.24356 0.00000 -1.24356 -1.24356
-1.39404 0.00000 -1.39404 -1.39404
2.77773 0.00000 2.77773 2.77773
-0.89115 0.00000 -0.89115 -0.89115
-0.17013 0.00000 -0.17013 -0.17013
-0.24842 0.00000 -0.24842 -0.24842
-0.70318 0.00000 -0.70318 -0.70318
-0.85139 0.00000 -0.85139 -0.85139
-1.14198 0.00000 -1.14198 -1.14198
-0.07161 0.00000 -0.07161 -0.07161
-0.61424 0.00000 -0.61424 -0.61424
-1.40591 0.00000 -1.40591 -1.40591
-1.60360 0.00000 -1.60360 -1.60360
-0.45436 0.00000 -0.45436 -0.45436
