# avg	std	min	max
5.85988 0.00000 5.85988 5.85988
3.74565 0.00000 3.74565 3.74565
1.31336 0.00000 1.31336 1.31336
0.95772 0.00000 0.95772 0.95772
-0.00093 0.00000 -0.00093 -0.00093
1.70696 0.00000 1.70696 1.70696
9.61402 0.00000 9.61402 9.61402
21.74354 0.00000 21.74354 21.74354
7.58696 0.00000 7.58696 7.58696
4.20286 0.00000 4.20286 4.20286
3.34197 0.00000 3.34197 3.34197
3.56291 0.00000 3.56291 3.56291
17.02034 0.00000 17.02034 17.02034
4.60470 0.00000 4.60470 4.60470
4.68125 0.00000 4.68125 4.68125
6.46303 0.00000 6.46303 6.46303
5.59384 0.00000 5.59384 5.59384
7.28942 0.00000 7.28942 7.28942
9.53467 0.00000 9.53467 9.53467
9.35132 0.00000 9.35132 9.35132
