# avg	std	min	max
3.92673 0.00000 3.92673 3.92673
2.68078 0.00000 2.68078 2.68078
1.21891 0.00000 1.21891 1.21891
-0.12753 0.00000 -0.12753 -0.12753
-0.02738 0.00000 -0.02738 -0.02738
1.51700 0.00000 1.51700 1.51700
1.28181 0.00000 1.28181 1.28181
1.79203 0.00000 1.79203 1.79203
7.30200 0.00000 7.30200 7.30200
4.25177 0.00000 4.25177 4.25177
3.18129 0.00000 3.18129 3.18129
3.05635 0.00000 3.05635 3.05635
1.48302 0.00000 1.48302 1.48302
2.65630 0.00000 2.65630 2.65630
3.09527 0.00000 3.09527 3.09527
3.56863 0.00000 3.56863 3.56863
3.32533 0.00000 3.32533 3.32533
3.25498 0.00000 3.25498 3.25498
2.96913 0.00000 2.96913 2.96913
3.69222 0.00000 3.69222 3.69222
