# avg	std	min	max
-1.17799 0.00000 -1.17799 -1.17799
-0.72775 0.00000 -0.72775 -0.72775
-0.05676 0.00000 -0.05676 -0.05676
-0.72489 0.00000 -0.72489 -0.72489
-0.01571 0.00000 -0.01571 -0.01571
-0.44922 0.00000 -0.44922 -0.44922
-0.55073 0.00000 -0.55073 -0.55073
-0.22783 0.00000 -0.22783 -0.22783
-1.25806 0.00000 -1.25806 -1.25806
-1.18119 0.00000 -1.18119 -1.18119
-0.65372 0.00000 -0.65372 -0.65372
-0.22714 0.00000 -0.22714 -0.22714
-0.28512 0.00000 -0.28512 -0.28512
-0.89560 0.00000 -0.89560 -0.89560
-0.69649 0.00000 -0.69649 -0.69649
-1.56090 0.00000 -1.56090 -1.56090
-0.97939 0.00000 -0.97939 -0.97939
-0.65475 0.00000 -0.65475 -0.65475
-0.61100 0.00000 -0.61100 -0.61100
-0.10036 0.00000 -0.10036 -0.10036
