# avg	std	min	max
3.01154 0.00000 3.01154 3.01154
1.81367 0.00000 1.81367 1.81367
2.49664 0.00000 2.49664 2.49664
-0.36518 0.00000 -0.36518 -0.36518
2.40021 0.00000 2.40021 2.40021
0.14524 0.00000 0.14524 0.14524
0.88345 0.00000 0.88345 0.88345
0.69496 0.00000 0.69496 0.69496
6.52923 0.00000 6.52923 6.52923
2.01432 0.00000 2.01432 2.01432
2.20339 0.00000 2.20339 2.20339
2.14828 0.00000 2.14828 2.14828
1.32370 0.00000 1.32370 1.32370
2.70290 0.00000 2.70290 2.70290
1.68732 0.00000 1.68732 1.68732
3.25370 0.00000 3.25370 3.25370
1.97430 0.00000 1.97430 1.97430
-0.03651 0.00000 -0.03651 -0.03651
1.24255 0.00000 1.24255 1.24255
2.23818 0.00000 2.23818 2.23818
