# avg	std	min	max
0.93762 0.00000 0.93762 0.93762
0.26455 0.00000 0.26455 0.26455
0.61712 0.00000 0.61712 0.61712
-0.25221 0.00000 -0.25221 -0.25221
-0.03723 0.00000 -0.03723 -0.03723
-0.58101 0.00000 -0.58101 -0.58101
-0.16733 0.00000 -0.16733 -0.16733
-0.16233 0.00000 -0.16233 -0.16233
3.14311 0.00000 3.14311 3.14311
0.83510 0.00000 0.83510 0.83510
1.00871 0.00000 1.00871 1.00871
0.84376 0.00000 0.84376 0.84376
-0.00015 0.00000 -0.00015 -0.00015
0.80569 0.00000 0.80569 0.80569
0.09885 0.00000 0.09885 0.09885
0.72535 0.00000 0.72535 0.72535
0.20484 0.00000 0.20484 0.20484
-0.00375 0.00000 -0.00375 -0.00375
0.24007 0.00000 0.24007 0.24007
0.70647 0.00000 0.70647 0.70647
