# avg	std	min	max
0.15850 0.00000 0.15850 0.15850
0.03529 0.00000 0.03529 0.03529
1.28916 0.00000 1.28916 1.28916
0.00740 0.00000 0.00740 0.00740
0.89339 0.00000 0.89339 0.89339
-0.07846 0.00000 -0.07846 -0.07846
0.06229 0.00000 0.06229 0.06229
0.64646 0.00000 0.64646 0.64646
3.61689 0.00000 3.61689 3.61689
-0.26419 0.00000 -0.26419 -0.26419
0.68925 0.00000 0.68925 0.68925
0.20491 0.00000 0.20491 0.20491
0.16734 0.00000 0.16734 0.16734
0.57806 0.00000 0.57806 0.57806
-0.02732 0.00000 -0.02732 -0.02732
1.15226 0.00000 1.15226 1.15226
0.47340 0.00000 0.47340 0.47340
-0.03122 0.00000 -0.03122 -0.03122
-0.47389 0.00000 -0.47389 -0.47389
-0.02328 0.00000 -0.02328 -0.02328
