# avg	std	min	max
1.82516 0.00000 1.82516 1.82516
0.38189 0.00000 0.38189 0.38189
-0.68539 0.00000 -0.68539 -0.68539
-1.54601 0.00000 -1.54601 -1.54601
-1.67376 0.00000 -1.67376 -1.67376
-1.66028 0.00000 -1.66028 -1.66028
-1.61379 0.00000 -1.61379 -1.61379
-0.48888 0.00000 -0.48888 -0.48888
4.28455 0.00000 4.28455 4.28455
0.94222 0.00000 0.94222 0.94222
0.65840 0.00000 0.65840 0.65840
0.87285 0.00000 0.87285 0.87285
-1.27652 0.00000 -1.27652 -1.27652
0.36814 0.00000 0.36814 0.36814
-0.01030 0.00000 -0.01030 -0.01030
1.41414 0.00000 1.41414 1.41414
0.54768 0.00000 0.54768 0.54768
-0.03681 0.00000 -0.03681 -0.03681
0.13747 0.00000 0.13747 0.13747
-0.22235 0.00000 -0.22235 -0.22235
