# avg	std	min	max
0.54365 0.00000 0.54365 0.54365
-0.21300 0.00000 -0.21300 -0.21300
0.07833 0.00000 0.07833 0.07833
-0.56748 0.00000 -0.56748 -0.56748
-0.54407 0.00000 -0.54407 -0.54407
-0.12186 0.00000 -0.12186 -0.12186
-0.59362 0.00000 -0.59362 -0.59362
-0.53454 0.00000 -0.53454 -0.53454
-1.24108 0.00000 -1.24108 -1.24108
0.21378 0.00000 0.21378 0.21378
0.18226 0.00000 0.18226 0.18226
0.20363 0.00000 0.20363 0.20363
-0.42285 0.00000 -0.42285 -0.42285
-0.00827 0.00000 -0.00827 -0.00827
-0.94137 0.00000 -0.94137 -0.94137
0.16555 0.00000 0.16555 0.16555
-0.19720 0.00000 -0.19720 -0.19720
-0.77719 0.00000 -0.77719 -0.77719
-0.69904 0.00000 -0.69904 -0.69904
-0.52397 0.00000 -0.52397 -0.52397
