# avg	std	min	max
1.80930 0.00000 1.80930 1.80930
0.92820 0.00000 0.92820 0.92820
1.68577 0.00000 1.68577 1.68577
0.68588 0.00000 0.68588 0.68588
1.22184 0.00000 1.22184 1.22184
0.95542 0.00000 0.95542 0.95542
0.92066 0.00000 0.92066 0.92066
1.52497 0.00000 1.52497 1.52497
2.99961 0.00000 2.99961 2.99961
1.23484 0.00000 1.23484 1.23484
1.18248 0.00000 1.18248 1.18248
1.66679 0.00000 1.66679 1.66679
1.17921 0.00000 1.17921 1.17921
-0.01627 0.00000 -0.01627 -0.01627
0.50986 0.00000 0.50986 0.50986
0.47434 0.00000 0.47434 0.47434
0.75869 0.00000 0.75869 0.75869
1.01448 0.00000 1.01448 1.01448
1.26078 0.00000 1.26078 1.26078
0.99807 0.00000 0.99807 0.99807
