# avg	std	min	max
1.38177 0.00000 1.38177 1.38177
0.44418 0.00000 0.44418 0.44418
0.63025 0.00000 0.63025 0.63025
-0.33525 0.00000 -0.33525 -0.33525
-0.14906 0.00000 -0.14906 -0.14906
-0.33548 0.00000 -0.33548 -0.33548
-0.30876 0.00000 -0.30876 -0.30876
1.11111 0.00000 1.11111 1.11111
4.24946 0.00000 4.24946 4.24946
0.52170 0.00000 0.52170 0.52170
1.14693 0.00000 1.14693 1.14693
1.06222 0.00000 1.06222 1.06222
0.16178 0.00000 0.16178 0.16178
-0.00187 0.00000 -0.00187 -0.00187
-0.03998 0.00000 -0.03998 -0.03998
0.71346 0.00000 0.71346 0.71346
0.19811 0.00000 0.19811 0.19811
0.32653 0.00000 0.32653 0.32653
0.79174 0.00000 0.79174 0.79174
0.10850 0.00000 0.10850 0.10850
