# avg	std	min	max
1.71328 0.00000 1.71328 1.71328
-0.05446 0.00000 -0.05446 -0.05446
1.52349 0.00000 1.52349 1.52349
-2.21457 0.00000 -2.21457 -2.21457
0.88742 0.00000 0.88742 0.88742
-1.03859 0.00000 -1.03859 -1.03859
-1.46892 0.00000 -1.46892 -1.46892
-0.49130 0.00000 -0.49130 -0.49130
1.77495 0.00000 1.77495 1.77495
1.33688 0.00000 1.33688 1.33688
0.36862 0.00000 0.36862 0.36862
0.34296 0.00000 0.34296 0.34296
-0.55650 0.00000 -0.55650 -0.55650
-0.05740 0.00000 -0.05740 -0.05740
1.74503 0.00000 1.74503 1.74503
1.49018 0.00000 1.49018 1.49018
1.64036 0.00000 1.64036 1.64036
-0.02501 0.00000 -0.02501 -0.02501
0.12817 0.00000 0.12817 0.12817
0.12191 0.00000 0.12191 0.12191
