# avg	std	min	max
0.68195 0.00000 0.68195 0.68195
0.33979 0.00000 0.33979 0.33979
-0.03679 0.00000 -0.03679 -0.03679
-0.54125 0.00000 -0.54125 -0.54125
-0.49436 0.00000 -0.49436 -0.49436
-0.36269 0.00000 -0.36269 -0.36269
-0.11543 0.00000 -0.11543 -0.11543
0.03862 0.00000 0.03862 0.03862
0.81567 0.00000 0.81567 0.81567
0.91740 0.00000 0.91740 0.91740
0.22581 0.00000 0.22581 0.22581
0.45540 0.00000 0.45540 0.45540
-0.08986 0.00000 -0.08986 -0.08986
0.62532 0.00000 0.62532 0.62532
-0.03034 0.00000 -0.03034 -0.03034
0.50866 0.00000 0.50866 0.50866
-0.22860 0.00000 -0.22860 -0.22860
-0.71442 0.00000 -0.71442 -0.71442
-0.72120 0.00000 -0.72120 -0.72120
0.67147 0.00000 0.67147 0.67147
