# avg	std	min	max
1.70382 0.00000 1.70382 1.70382
0.58735 0.00000 0.58735 0.58735
1.13133 0.00000 1.13133 1.13133
-0.14716 0.00000 -0.14716 -0.14716
0.37174 0.00000 0.37174 0.37174
-0.54442 0.00000 -0.54442 -0.54442
0.43940 0.00000 0.43940 0.43940
0.00413 0.00000 0.00413 0.00413
-0.50556 0.00000 -0.50556 -0.50556
0.89163 0.00000 0.89163 0.89163
1.06272 0.00000 1.06272 1.06272
1.42444 0.00000 1.42444 1.42444
0.45205 0.00000 0.45205 0.45205
0.90487 0.00000 0.90487 0.90487
-0.00000 0.00000 -0.00000 -0.00000
-0.25466 0.00000 -0.25466 -0.25466
-0.56693 0.00000 -0.56693 -0.56693
-0.01015 0.00000 -0.01015 -0.01015
0.34557 0.00000 0.34557 0.34557
1.06368 0.00000 1.06368 1.06368
