# avg	std	min	max
3.35610 0.00000 3.35610 3.35610
1.95262 0.00000 1.95262 1.95262
1.71386 0.00000 1.71386 1.71386
0.92414 0.00000 0.92414 0.92414
1.03091 0.00000 1.03091 1.03091
0.69597 0.00000 0.69597 0.69597
1.07025 0.00000 1.07025 1.07025
1.53445 0.00000 1.53445 1.53445
4.84869 0.00000 4.84869 4.84869
2.10061 0.00000 2.10061 2.10061
2.23928 0.00000 2.23928 2.23928
2.38515 0.00000 2.38515 2.38515
1.28755 0.00000 1.28755 1.28755
1.72015 0.00000 1.72015 1.72015
1.30870 0.00000 1.30870 1.30870
2.59968 0.00000 2.59968 2.59968
1.86108 0.00000 1.86108 1.86108
1.10063 0.00000 1.10063 1.10063
-0.00817 0.00000 -0.00817 -0.00817
1.61923 0.00000 1.61923 1.61923
