# avg	std	min	max
1.78677 0.00000 1.78677 1.78677
0.86811 0.00000 0.86811 0.86811
1.01458 0.00000 1.01458 1.01458
-0.91603 0.00000 -0.91603 -0.91603
0.20231 0.00000 0.20231 0.20231
-0.77428 0.00000 -0.77428 -0.77428
-0.52836 0.00000 -0.52836 -0.52836
-0.75778 0.00000 -0.75778 -0.75778
4.24509 0.00000 4.24509 4.24509
0.94945 0.00000 0.94945 0.94945
0.81739 0.00000 0.81739 0.81739
0.93921 0.00000 0.93921 0.93921
0.31915 0.00000 0.31915 0.31915
0.34014 0.00000 0.34014 0.34014
0.45392 0.00000 0.45392 0.45392
1.18217 0.00000 1.18217 1.18217
0.33953 0.00000 0.33953 0.33953
-0.05361 0.00000 -0.05361 -0.05361
-0.05881 0.00000 -0.05881 -0.05881
0.79533 0.00000 0.79533 0.79533
