# avg	std	min	max
2.04322 0.00000 2.04322 2.04322
0.85372 0.00000 0.85372 0.85372
1.93421 0.00000 1.93421 1.93421
0.12849 0.00000 0.12849 0.12849
3.00859 0.00000 3.00859 3.00859
0.39918 0.00000 0.39918 0.39918
1.22408 0.00000 1.22408 1.22408
2.50520 0.00000 2.50520 2.50520
8.34349 0.00000 8.34349 8.34349
1.76364 0.00000 1.76364 1.76364
0.91092 0.00000 0.91092 0.91092
1.79515 0.00000 1.79515 1.79515
1.42392 0.00000 1.42392 1.42392
1.21770 0.00000 1.21770 1.21770
0.79035 0.00000 0.79035 0.79035
2.85502 0.00000 2.85502 2.85502
1.72133 0.00000 1.72133 1.72133
0.15761 0.00000 0.15761 0.15761
-0.00000 0.00000 -0.00000 -0.00000
1.81310 0.00000 1.81310 1.81310
