# avg	std	min	max
2.10563 0.00000 2.10563 2.10563
1.10575 0.00000 1.10575 1.10575
1.68150 0.00000 1.68150 1.68150
0.82221 0.00000 0.82221 0.82221
2.09165 0.00000 2.09165 2.09165
0.74101 0.00000 0.74101 0.74101
1.26225 0.00000 1.26225 1.26225
1.13151 0.00000 1.13151 1.13151
1.45938 0.00000 1.45938 1.45938
1.29645 0.00000 1.29645 1.29645
1.74761 0.00000 1.74761 1.74761
1.82139 0.00000 1.82139 1.82139
1.27075 0.00000 1.27075 1.27075
1.15502 0.00000 1.15502 1.15502
1.09702 0.00000 1.09702 1.09702
2.19811 0.00000 2.19811 2.19811
1.76193 0.00000 1.76193 1.76193
0.60320 0.00000 0.60320 0.60320
-0.02152 0.00000 -0.02152 -0.02152
1.28492 0.00000 1.28492 1.28492
