# avg	std	min	max
0.97568 0.00000 0.97568 0.97568
0.02593 0.00000 0.02593 0.02593
0.31883 0.00000 0.31883 0.31883
-0.42885 0.00000 -0.42885 -0.42885
-0.29865 0.00000 -0.29865 -0.29865
-0.73395 0.00000 -0.73395 -0.73395
-0.48920 0.00000 -0.48920 -0.48920
-0.32014 0.00000 -0.32014 -0.32014
3.24921 0.00000 3.24921 3.24921
0.24867 0.00000 0.24867 0.24867
0.11564 0.00000 0.11564 0.11564
0.74278 0.00000 0.74278 0.74278
-0.27817 0.00000 -0.27817 -0.27817
-0.13846 0.00000 -0.13846 -0.13846
-0.34098 0.00000 -0.34098 -0.34098
0.30840 0.00000 0.30840 0.30840
-0.15674 0.00000 -0.15674 -0.15674
-0.16686 0.00000 -0.16686 -0.16686
-0.00900 0.00000 -0.00900 -0.00900
0.17058 0.00000 0.17058 0.17058
