# avg	std	min	max
1.44282 0.00000 1.44282 1.44282
0.35495 0.00000 0.35495 0.35495
0.35606 0.00000 0.35606 0.35606
-0.38417 0.00000 -0.38417 -0.38417
-0.48669 0.00000 -0.48669 -0.48669
-0.72522 0.00000 -0.72522 -0.72522
-0.28221 0.00000 -0.28221 -0.28221
0.11008 0.00000 0.11008 0.11008
3.59658 0.00000 3.59658 3.59658
1.10740 0.00000 1.10740 1.10740
1.06708 0.00000 1.06708 1.06708
0.92140 0.00000 0.92140 0.92140
-0.11440 0.00000 -0.11440 -0.11440
0.32764 0.00000 0.32764 0.32764
-0.13650 0.00000 -0.13650 -0.13650
0.89687 0.00000 0.89687 0.89687
0.61247 0.00000 0.61247 0.61247
0.08407 0.00000 0.08407 0.08407
-0.03888 0.00000 -0.03888 -0.03888
0.69470 0.00000 0.69470 0.69470
