# avg	std	min	max
0.75331 0.00000 0.75331 0.75331
0.05346 0.00000 0.05346 0.05346
0.58107 0.00000 0.58107 0.58107
-0.25940 0.00000 -0.25940 -0.25940
0.03270 0.00000 0.03270 0.03270
-0.22751 0.00000 -0.22751 -0.22751
-0.22957 0.00000 -0.22957 -0.22957
-0.24776 0.00000 -0.24776 -0.24776
4.60469 0.00000 4.60469 4.60469
0.83770 0.00000 0.83770 0.83770
0.75599 0.00000 0.75599 0.75599
1.00943 0.00000 1.00943 1.00943
-0.14651 0.00000 -0.14651 -0.14651
0.29556 0.00000 0.29556 0.29556
-0.20219 0.00000 -0.20219 -0.20219
0.70631 0.00000 0.70631 0.70631
0.22534 0.00000 0.22534 0.22534
0.01480 0.00000 0.01480 0.01480
-0.00274 0.00000 -0.00274 -0.00274
0.32288 0.00000 0.32288 0.32288
