# avg	std	min	max
1.13808 0.00000 1.13808 1.13808
0.66363 0.00000 0.66363 0.66363
-0.15894 0.00000 -0.15894 -0.15894
-1.08298 0.00000 -1.08298 -1.08298
-0.37586 0.00000 -0.37586 -0.37586
0.14504 0.00000 0.14504 0.14504
0.90016 0.00000 0.90016 0.90016
2.42781 0.00000 2.42781 2.42781
3.30737 0.00000 3.30737 3.30737
-0.06789 0.00000 -0.06789 -0.06789
0.02316 0.00000 0.02316 0.02316
0.32452 0.00000 0.32452 0.32452
1.01606 0.00000 1.01606 1.01606
-0.60834 0.00000 -0.60834 -0.60834
0.40633 0.00000 0.40633 0.40633
1.10643 0.00000 1.10643 1.10643
0.99437 0.00000 0.99437 0.99437
0.11385 0.00000 0.11385 0.11385
0.26893 0.00000 0.26893 0.26893
1.31555 0.00000 1.31555 1.31555
