# avg	std	min	max
1.54576 0.00000 1.54576 1.54576
0.02869 0.00000 0.02869 0.02869
0.38876 0.00000 0.38876 0.38876
-0.35108 0.00000 -0.35108 -0.35108
-0.28412 0.00000 -0.28412 -0.28412
-0.46129 0.00000 -0.46129 -0.46129
-0.12484 0.00000 -0.12484 -0.12484
-0.11632 0.00000 -0.11632 -0.11632
3.44472 0.00000 3.44472 3.44472
0.00136 0.00000 0.00136 0.00136
0.77872 0.00000 0.77872 0.77872
0.75552 0.00000 0.75552 0.75552
-0.06070 0.00000 -0.06070 -0.06070
0.13008 0.00000 0.13008 0.13008
0.04513 0.00000 0.04513 0.04513
0.56675 0.00000 0.56675 0.56675
0.74406 0.00000 0.74406 0.74406
-0.16029 0.00000 -0.16029 -0.16029
0.09134 0.00000 0.09134 0.09134
0.35461 0.00000 0.35461 0.35461
