# avg	std	min	max
0.43286 0.00000 0.43286 0.43286
0.37820 0.00000 0.37820 0.37820
0.03038 0.00000 0.03038 0.03038
-0.53330 0.00000 -0.53330 -0.53330
-0.06318 0.00000 -0.06318 -0.06318
-0.80486 0.00000 -0.80486 -0.80486
-0.90290 0.00000 -0.90290 -0.90290
-0.42336 0.00000 -0.42336 -0.42336
3.27118 0.00000 3.27118 3.27118
-0.00495 0.00000 -0.00495 -0.00495
-0.13735 0.00000 -0.13735 -0.13735
-0.27491 0.00000 -0.27491 -0.27491
-0.72322 0.00000 -0.72322 -0.72322
-0.36353 0.00000 -0.36353 -0.36353
-0.10937 0.00000 -0.10937 -0.10937
0.34901 0.00000 0.34901 0.34901
0.04441 0.00000 0.04441 0.04441
-0.64632 0.00000 -0.64632 -0.64632
-0.35426 0.00000 -0.35426 -0.35426
-0.56006 0.00000 -0.56006 -0.56006
