# avg	std	min	max
1.98663 0.00000 1.98663 1.98663
1.40492 0.00000 1.40492 1.40492
3.12803 0.00000 3.12803 3.12803
1.40520 0.00000 1.40520 1.40520
4.11994 0.00000 4.11994 4.11994
1.64135 0.00000 1.64135 1.64135
1.18953 0.00000 1.18953 1.18953
1.71968 0.00000 1.71968 1.71968
-0.29639 0.00000 -0.29639 -0.29639
0.13235 0.00000 0.13235 0.13235
0.02236 0.00000 0.02236 0.02236
1.97960 0.00000 1.97960 1.97960
1.23806 0.00000 1.23806 1.23806
0.72407 0.00000 0.72407 0.72407
1.68876 0.00000 1.68876 1.68876
0.01818 0.00000 0.01818 0.01818
0.37148 0.00000 0.37148 0.37148
1.86689 0.00000 1.86689 1.86689
1.75857 0.00000 1.75857 1.75857
1.16719 0.00000 1.16719 1.16719
