# avg	std	min	max
0.23510 0.00000 0.23510 0.23510
-0.52160 0.00000 -0.52160 -0.52160
-0.22028 0.00000 -0.22028 -0.22028
-0.82316 0.00000 -0.82316 -0.82316
-0.83775 0.00000 -0.83775 -0.83775
-1.14537 0.00000 -1.14537 -1.14537
-1.16032 0.00000 -1.16032 -1.16032
-0.88548 0.00000 -0.88548 -0.88548
2.46989 0.00000 2.46989 2.46989
-0.53414 0.00000 -0.53414 -0.53414
-0.00025 0.00000 -0.00025 -0.00025
0.12062 0.00000 0.12062 0.12062
-1.16978 0.00000 -1.16978 -1.16978
-0.45262 0.00000 -0.45262 -0.45262
-0.78128 0.00000 -0.78128 -0.78128
-0.14921 0.00000 -0.14921 -0.14921
-0.59775 0.00000 -0.59775 -0.59775
-0.64649 0.00000 -0.64649 -0.64649
-0.61501 0.00000 -0.61501 -0.61501
-0.17686 0.00000 -0.17686 -0.17686
