# avg	std	min	max
2.93263 0.00000 2.93263 2.93263
1.21709 0.00000 1.21709 1.21709
0.05728 0.00000 0.05728 0.05728
-0.49559 0.00000 -0.49559 -0.49559
-0.50539 0.00000 -0.50539 -0.50539
0.01163 0.00000 0.01163 0.01163
0.18373 0.00000 0.18373 0.18373
3.18721 0.00000 3.18721 3.18721
4.09655 0.00000 4.09655 4.09655
1.60545 0.00000 1.60545 1.60545
-0.00029 0.00000 -0.00029 -0.00029
1.63547 0.00000 1.63547 1.63547
0.95720 0.00000 0.95720 0.95720
3.50355 0.00000 3.50355 3.50355
2.65974 0.00000 2.65974 2.65974
3.83975 0.00000 3.83975 3.83975
2.06115 0.00000 2.06115 2.06115
2.30850 0.00000 2.30850 2.30850
2.49927 0.00000 2.49927 2.49927
4.19855 0.00000 4.19855 4.19855
