# avg	std	min	max
0.44454 0.00000 0.44454 0.44454
0.01581 0.00000 0.01581 0.01581
-0.18621 0.00000 -0.18621 -0.18621
-1.08586 0.00000 -1.08586 -1.08586
-0.09710 0.00000 -0.09710 -0.09710
-0.91599 0.00000 -0.91599 -0.91599
-1.33515 0.00000 -1.33515 -1.33515
-0.56024 0.00000 -0.56024 -0.56024
-0.50004 0.00000 -0.50004 -0.50004
0.25656 0.00000 0.25656 0.25656
0.00024 0.00000 0.00024 0.00024
-0.03719 0.00000 -0.03719 -0.03719
-1.16838 0.00000 -1.16838 -1.16838
0.27768 0.00000 0.27768 0.27768
-0.68402 0.00000 -0.68402 -0.68402
0.60832 0.00000 0.60832 0.60832
-0.13075 0.00000 -0.13075 -0.13075
-1.03499 0.00000 -1.03499 -1.03499
-0.43015 0.00000 -0.43015 -0.43015
-0.01386 0.00000 -0.01386 -0.01386
