# avg	std	min	max
1.21369 0.00000 1.21369 1.21369
-0.11386 0.00000 -0.11386 -0.11386
-1.01149 0.00000 -1.01149 -1.01149
-0.96360 0.00000 -0.96360 -0.96360
-1.53374 0.00000 -1.53374 -1.53374
-1.01872 0.00000 -1.01872 -1.01872
-0.56671 0.00000 -0.56671 -0.56671
0.18610 0.00000 0.18610 0.18610
-0.23646 0.00000 -0.23646 -0.23646
0.97078 0.00000 0.97078 0.97078
0.00195 0.00000 0.00195 0.00195
0.56754 0.00000 0.56754 0.56754
-0.19686 0.00000 -0.19686 -0.19686
-0.08298 0.00000 -0.08298 -0.08298
-0.00622 0.00000 -0.00622 -0.00622
2.30603 0.00000 2.30603 2.30603
1.40082 0.00000 1.40082 1.40082
-0.61907 0.00000 -0.61907 -0.61907
-0.41069 0.00000 -0.41069 -0.41069
0.97687 0.00000 0.97687 0.97687
