# avg	std	min	max
2.43747 0.00000 2.43747 2.43747
1.46736 0.00000 1.46736 1.46736
2.01013 0.00000 2.01013 2.01013
0.93710 0.00000 0.93710 0.93710
1.39323 0.00000 1.39323 1.39323
0.69297 0.00000 0.69297 0.69297
0.49617 0.00000 0.49617 0.49617
-0.02097 0.00000 -0.02097 -0.02097
5.16580 0.00000 5.16580 5.16580
1.67518 0.00000 1.67518 1.67518
1.29768 0.00000 1.29768 1.29768
2.21984 0.00000 2.21984 2.21984
1.33926 0.00000 1.33926 1.33926
1.73079 0.00000 1.73079 1.73079
2.39861 0.00000 2.39861 2.39861
2.94276 0.00000 2.94276 2.94276
2.24516 0.00000 2.24516 2.24516
1.71502 0.00000 1.71502 1.71502
1.83366 0.00000 1.83366 1.83366
2.78455 0.00000 2.78455 2.78455
