# avg	std	min	max
2.34414 0.00000 2.34414 2.34414
1.03257 0.00000 1.03257 1.03257
0.79128 0.00000 0.79128 0.79128
-0.46611 0.00000 -0.46611 -0.46611
-0.23090 0.00000 -0.23090 -0.23090
-0.37009 0.00000 -0.37009 -0.37009
0.38283 0.00000 0.38283 0.38283
0.00268 0.00000 0.00268 0.00268
4.66885 0.00000 4.66885 4.66885
1.99767 0.00000 1.99767 1.99767
1.41714 0.00000 1.41714 1.41714
1.61517 0.00000 1.61517 1.61517
-0.01519 0.00000 -0.01519 -0.01519
1.81867 0.00000 1.81867 1.81867
0.89078 0.00000 0.89078 0.89078
1.55099 0.00000 1.55099 1.55099
1.22488 0.00000 1.22488 1.22488
0.03958 0.00000 0.03958 0.03958
1.14571 0.00000 1.14571 1.14571
1.56564 0.00000 1.56564 1.56564
