# avg	std	min	max
-0.00308 0.00000 -0.00308 -0.00308
-0.00302 0.00000 -0.00302 -0.00302
-0.00246 0.00000 -0.00246 -0.00246
0.02648 0.00000 0.02648 0.02648
0.02115 0.00000 0.02115 0.02115
0.01442 0.00000 0.01442 0.01442
0.03103 0.00000 0.03103 0.03103
0.04569 0.00000 0.04569 0.04569
-0.00311 0.00000 -0.00311 -0.00311
-0.00305 0.00000 -0.00305 -0.00305
-0.00296 0.00000 -0.00296 -0.00296
-0.00285 0.00000 -0.00285 -0.00285
-0.03155 0.00000 -0.03155 -0.03155
0.00000 0.00000 0.00000 0.00000
0.02446 0.00000 0.02446 0.02446
-0.21057 0.00000 -0.21057 -0.21057
0.00000 0.00000 0.00000 0.00000
0.13420 0.00000 0.13420 0.13420
0.00706 0.00000 0.00706 0.00706
0.02603 0.00000 0.02603 0.02603
