# avg	std	min	max
-0.31442 0.00000 -0.31442 -0.31442
0.00000 0.00000 0.00000 0.00000
0.01344 0.00000 0.01344 0.01344
-0.71238 0.00000 -0.71238 -0.71238
-0.42646 0.00000 -0.42646 -0.42646
-2.01324 0.00000 -2.01324 -2.01324
-2.59762 0.00000 -2.59762 -2.59762
-1.87962 0.00000 -1.87962 -1.87962
-0.59238 0.00000 -0.59238 -0.59238
-0.43816 0.00000 -0.43816 -0.43816
-0.00424 0.00000 -0.00424 -0.00424
-0.68758 0.00000 -0.68758 -0.68758
-2.33140 0.00000 -2.33140 -2.33140
-0.18118 0.00000 -0.18118 -0.18118
-0.59918 0.00000 -0.59918 -0.59918
-0.58128 0.00000 -0.58128 -0.58128
-0.00136 0.00000 -0.00136 -0.00136
-1.17720 0.00000 -1.17720 -1.17720
-1.25892 0.00000 -1.25892 -1.25892
-1.49992 0.00000 -1.49992 -1.49992
