# avg	std	min	max
0.56322 0.00000 0.56322 0.56322
0.49028 0.00000 0.49028 0.49028
-0.17174 0.00000 -0.17174 -0.17174
0.33856 0.00000 0.33856 0.33856
0.00008 0.00000 0.00008 0.00008
0.33700 0.00000 0.33700 0.33700
0.38770 0.00000 0.38770 0.38770
-0.01392 0.00000 -0.01392 -0.01392
0.63896 0.00000 0.63896 0.63896
0.62162 0.00000 0.62162 0.62162
0.24424 0.00000 0.24424 0.24424
0.00064 0.00000 0.00064 0.00064
0.40362 0.00000 0.40362 0.40362
0.45454 0.00000 0.45454 0.45454
-0.02228 0.00000 -0.02228 -0.02228
-0.48758 0.00000 -0.48758 -0.48758
0.09144 0.00000 0.09144 0.09144
0.44416 0.00000 0.44416 0.44416
0.59846 0.00000 0.59846 0.59846
0.27590 0.00000 0.27590 0.27590
