# avg	std	min	max
0.08820 0.00000 0.08820 0.08820
0.06004 0.00000 0.06004 0.06004
0.15756 0.00000 0.15756 0.15756
0.10210 0.00000 0.10210 0.10210
0.12198 0.00000 0.12198 0.12198
-0.06156 0.00000 -0.06156 -0.06156
0.19830 0.00000 0.19830 0.19830
0.21524 0.00000 0.21524 0.21524
0.07186 0.00000 0.07186 0.07186
0.08202 0.00000 0.08202 0.08202
0.05944 0.00000 0.05944 0.05944
0.00042 0.00000 0.00042 0.00042
0.55242 0.00000 0.55242 0.55242
0.20800 0.00000 0.20800 0.20800
0.32734 0.00000 0.32734 0.32734
-0.31518 0.00000 -0.31518 -0.31518
-0.20848 0.00000 -0.20848 -0.20848
0.68182 0.00000 0.68182 0.68182
0.34420 0.00000 0.34420 0.34420
0.87224 0.00000 0.87224 0.87224
