# avg	std	min	max
0.39798 0.00000 0.39798 0.39798
0.31868 0.00000 0.31868 0.31868
0.06176 0.00000 0.06176 0.06176
-0.07400 0.00000 -0.07400 -0.07400
-0.38480 0.00000 -0.38480 -0.38480
0.30396 0.00000 0.30396 0.30396
0.05402 0.00000 0.05402 0.05402
-0.11292 0.00000 -0.11292 -0.11292
0.27064 0.00000 0.27064 0.27064
0.14856 0.00000 0.14856 0.14856
-0.24348 0.00000 -0.24348 -0.24348
-0.15824 0.00000 -0.15824 -0.15824
0.07620 0.00000 0.07620 0.07620
-0.07392 0.00000 -0.07392 -0.07392
-0.10630 0.00000 -0.10630 -0.10630
-0.12070 0.00000 -0.12070 -0.12070
-0.09552 0.00000 -0.09552 -0.09552
-0.16786 0.00000 -0.16786 -0.16786
-0.05306 0.00000 -0.05306 -0.05306
-0.08682 0.00000 -0.08682 -0.08682
