# avg	std	min	max
0.25644 0.00000 0.25644 0.25644
0.08028 0.00000 0.08028 0.08028
0.22650 0.00000 0.22650 0.22650
0.01992 0.00000 0.01992 0.01992
0.53952 0.00000 0.53952 0.53952
0.19038 0.00000 0.19038 0.19038
0.06974 0.00000 0.06974 0.06974
0.24890 0.00000 0.24890 0.24890
-0.09938 0.00000 -0.09938 -0.09938
-0.00984 0.00000 -0.00984 -0.00984
0.30774 0.00000 0.30774 0.30774
0.36432 0.00000 0.36432 0.36432
0.15360 0.00000 0.15360 0.15360
0.02660 0.00000 0.02660 0.02660
0.35476 0.00000 0.35476 0.35476
0.47888 0.00000 0.47888 0.47888
0.00176 0.00000 0.00176 0.00176
0.20720 0.00000 0.20720 0.20720
-0.08344 0.00000 -0.08344 -0.08344
0.01202 0.00000 0.01202 0.01202
