# avg	std	min	max
0.02360 0.00000 0.02360 0.02360
-0.01438 0.00000 -0.01438 -0.01438
-0.01638 0.00000 -0.01638 -0.01638
-0.01694 0.00000 -0.01694 -0.01694
-0.01466 0.00000 -0.01466 -0.01466
-0.02370 0.00000 -0.02370 -0.02370
-0.01840 0.00000 -0.01840 -0.01840
0.03626 0.00000 0.03626 0.03626
0.04050 0.00000 0.04050 0.04050
-0.01888 0.00000 -0.01888 -0.01888
-0.01992 0.00000 -0.01992 -0.01992
-0.02150 0.00000 -0.02150 -0.02150
-0.01858 0.00000 -0.01858 -0.01858
-0.01798 0.00000 -0.01798 -0.01798
-0.02320 0.00000 -0.02320 -0.02320
-0.01138 0.00000 -0.01138 -0.01138
0.00004 0.00000 0.00004 0.00004
-0.05128 0.00000 -0.05128 -0.05128
0.12948 0.00000 0.12948 0.12948
-0.01958 0.00000 -0.01958 -0.01958
