1.7087825735937283;
1.906643661224839;
1.9307587947349527;
2.0622920558329354;
2.1234852499775467;
2.101677500662509;
2.1447861906293877;
2.14795313013132;
2.1513398373100783;
2.1703468804396233;
2.1716132250583033;
2.1387783465353647;
2.1180111135795032;
2.1132738592772853;
2.1360649760364874;
2.2024422939205195;
2.2036948426346763;
2.2185412073119166;
2.2082880246705687;
2.2070827658558874;
2.253467555471729;
2.2840781478245273;
2.276970126487502;
2.271389550509182;
2.290443248404982;
2.3139834179906136;
2.3168987994831745;
2.2788408522539667;
2.265488556616747;
2.2412475422890417;
2.2959263808069075;
2.2938806028116216;
2.286864360386183;
2.2947761820499624;
2.2855531408578043;
2.291847586397207;
2.265778031008491;
2.2603587031660446;
2.2478680613087696;
2.271133138055285;
2.2897704572780873;
2.277578710108116;
2.2684408102380087;
2.2674806350862418;
2.2991402568825334;
2.2522837833955287;
2.2777592681871788;
2.227167179595001;
2.2651370676603846;
2.3224714064276677;
2.3130368744492684;
2.3045787971875695;
2.2990537879262725;
2.3148337198936555;
2.3317396850572902;
2.324030726639901;
2.348309430789493;
2.344542761143616;
2.313976742342413;
2.3235514383153553;
2.3503264109321784;
2.3288391770973638;
2.3596164149083587;
2.380315098495971;
2.4203704662896155;
2.4236433238008774;
2.44885077536418;
2.4498719202446706;
2.4339477643291167;
2.5050033834313337;
2.4687749795735687;
2.460215535840823;
2.450750540834082;
2.4953322179893744;
2.493572513730555;
2.508137505519963;
2.5383476349959344;
2.5219899796346605;
2.543100688074857;
2.51236548407512;
2.5206771220183333;
2.5730435694976044;
2.6114187029288263;
2.634279224274413;
2.65952696506501;
2.627490916901535;
2.6105619192797573;
2.602857926524224;
2.5599131976339273;
2.505890832083594;
2.5365787838109726;
2.55605260607794;
2.5412908433803363;
2.561192567447187;
2.5694580444353403;
2.5680056295380873;
2.5740159973252683;
2.57544511355814;
2.575171116730458;
2.6102984935639015;
2.666727542777799;
2.696187006750488;
2.6657435356133248;
2.6824252111119735;
2.6287477991887336;
2.681782468603744;
2.6275273390286262;
2.6568212268190794;
2.689462204324623;
2.662994178909079;
2.6794940686670947;
2.6985630240952188;
2.691066529972579;
2.6431753241175615;
2.697933372366208;
2.729070589700716;
2.749494034128139;
2.7275617643898094;
2.7175670948126576;
2.7123708608950614;
2.73733073613523;
2.7446050018738015;
2.7632246615554363;
2.7646732080207843;
2.728030018643983;
2.7490007955464852;
2.728881406751594;
2.7098956875289177;
2.7310464701909996;
2.7253219080392945;
2.6677796810346117;
2.683188121142786;
2.651714584431032;
2.6838466581919227;
2.687857578911718;
2.714551353665042;
2.7512112458981965;
2.785976185430733;
2.7724874323571673;
2.7611122266907193;
2.7545746503328328;
2.725934665257366;
2.6965580631386667;
2.7392746796582004;
2.734459597512577;
2.843098873302537;
2.7212328520087286;
2.8885382962763875;
2.943872698774169;
2.9785628238819024;
2.8774556053130995;
2.927972354007884;
2.891662114128955;
2.80297450304701;
2.883383527929192;
2.944290544773255;
2.945280111202874;
2.7976069593098742;
2.8239460765751647;
2.7307390830976024;
2.919815918579471;
2.9344792199089085;
2.8730321734659605;
2.8288694156961993;
2.965428133042217;
2.9472559119407387;
2.95259353556058;
2.9683931963677526;
3.0059504059133624;
3.028243908925422;
3.0061963965422227;
2.8528866028243596;
2.822907564914614;
2.832548599456983;
2.863650967232914;
2.9293518204242055;
2.7819765279929034;
2.852465032632416;
2.939190798507589;
2.9549779185573053;
2.8723247722181653;
2.8385447793690233;
2.907888681148079;
2.9336867070798283;
2.8673758998778274;
2.91380347755394;
2.8797906402023234;
2.885103009631831;
2.9985894376028766;
3.0468090404735353;
2.9374758299789363;
2.9176421131312273;
2.8670370689223073;
2.89546280339215;
2.865710778673237;
2.7928788302983096;
2.9270436251202745;
3.048116060502666;
3.0296265792946215;
3.017821901153778;
2.9047766217960773;
2.973424669298506;
2.9358144863246958;
2.9242744597370307;
2.9845651298639964;
2.94428023385603;
2.967031503514874;
2.9061950675324932;
2.868996068121928;
2.8991132312437617;
2.902129478184106;
2.900153936241293;
2.937668516435198;
2.9636792106099743;
2.9557581528370567;
2.985553495582105;
2.859881113514588;
2.871857345595214;
2.8433219800622007;
2.8104511445846185;
2.71736457585821;
2.737567959642577;
2.7039077023437015;
2.882800164842686;
2.717277933457983;
2.7726855618808037;
2.7282839666601126;
2.9989339593240936;
3.0312816827773656;
2.985095754947754;
2.9705837914960314;
2.9291953819301195;
2.876330863749599;
2.929148349140608;
2.887223579550401;
2.8206560407051575;
2.9260535250125512;
2.795020451890431;
2.8662474618083635;
2.9922941733530717;
2.8845990017579024;
2.8901099160822445;
2.850629705222935;
2.8145480892513315;
2.8664639456305716;
2.8341216105041758;
2.876631362850955;
2.900095419587118;
2.861854732691192;
2.825557547081676;
2.6908965807643583;
2.7051162774739477;
2.719357949995811;
2.7960385177616294;
2.7449082294709393;
2.708381094712332;
2.7914842031337117;
2.7588393548025065;
2.8251115712069303;
2.7960401070697425;
2.8552563616036184;
2.806128555902667;
2.817720716259986;
2.7948013825583775;
2.772228711366428;
2.8114287642806732;
2.8176419704151527;
2.9439360663916094;
2.813598500026425;
2.8177665517984316;
2.8003037065488185;
2.7631903801978126;
2.7437459079307622;
2.7100032847339026;
2.727518271727406;
2.781935535575277;
2.774621920411523;
2.769603385077207;
2.7596763817163152;
2.7825658835537026;
2.742526558243887;
2.745878972761691;
2.7182872577599753;
2.750233207160406;
2.764420588948634;
2.781810434327165;
2.7338589625397107;
2.727289917199049;
2.763379601138524;
2.782744542663356;
2.746416465940753;
2.7863435432264736;
2.7320590540047403;
2.664783350272233;
2.6351147325678337;
2.6497707865992757;
2.6018914005560854;
2.6464231168013455;
2.595560153625451;
2.6055649825795344;
