# avg	std	min	max
0.13071 0.27136 -0.12631 0.61300
0.00000 0.00000 0.00000 0.00000
-0.00727 0.61039 -0.67721 1.18460
0.41592 1.23241 -1.04333 2.52518
0.00013 0.75284 -0.86236 1.48018
-0.22277 0.91296 -1.81399 1.50476
0.61269 1.19828 -0.62049 2.95691
0.63358 1.78912 -1.49609 4.18506
-0.06330 0.32792 -0.76424 0.60547
0.25471 0.38143 -0.30719 0.92124
0.34689 0.62080 -0.32850 1.78079
0.06010 0.30266 -0.32070 0.87518
0.63493 1.29621 -0.61781 3.26269
0.37062 0.58840 -0.62199 1.37068
0.23157 0.45504 -0.33184 1.30542
0.87092 0.93343 -0.08534 3.14420
0.60072 1.04533 -0.13625 3.54268
-0.06714 0.41980 -0.72662 0.57124
0.05461 0.51933 -0.93410 1.04570
0.76777 1.06085 -0.13700 3.65563
