# avg	std	min	max
-0.04462 0.15598 -0.43006 0.18408
0.02359 0.28228 -0.37731 0.79668
-0.02216 0.23576 -0.54385 0.43164
-0.11365 0.24031 -0.67743 0.05094
0.00797 0.29610 -0.61379 0.53442
-0.10088 0.23585 -0.76057 0.07048
-0.01573 0.16202 -0.20480 0.42802
0.01032 0.26929 -0.46763 0.68867
0.06004 0.20983 -0.37143 0.54494
0.01180 0.24855 -0.47616 0.56604
0.03987 0.30877 -0.52212 0.75022
-0.01187 0.03771 -0.12485 0.00624
0.01151 0.25802 -0.30189 0.72544
-0.04373 0.25924 -0.52010 0.51972
-0.10846 0.16808 -0.51444 0.03986
-0.13603 0.37259 -1.02530 0.30850
-0.11823 0.26704 -0.78468 0.18722
-0.02016 0.12541 -0.30140 0.21452
0.01315 0.20841 -0.34892 0.45886
-0.01728 0.23346 -0.47498 0.44405
