# avg	std	min	max
-0.18428 0.29447 -0.83438 0.12567
-0.08978 0.14894 -0.38588 0.11385
0.21318 0.29333 -0.21742 0.70623
0.00826 0.38971 -0.68516 0.78470
0.13362 0.38252 -0.48138 0.82902
-0.01579 0.39598 -0.52296 0.71922
0.26796 0.60038 -0.50664 1.80418
0.39114 0.87255 -0.48512 2.10282
0.63300 1.04401 -0.22780 2.77762
-0.07880 0.28884 -0.73910 0.28294
-0.02879 0.51641 -1.21488 0.76757
0.00079 0.00335 -0.00368 0.01019
0.02618 0.40623 -0.84398 0.89478
-0.15917 0.48397 -1.45938 0.25285
-0.09073 0.44180 -0.84184 0.53794
0.12530 0.51408 -0.55242 1.12368
-0.01399 0.40251 -0.69740 0.69124
-0.03726 0.45937 -0.86695 0.73612
-0.03344 0.42401 -0.84192 0.69662
0.19989 0.64047 -0.68828 1.34197
