# avg	std	min	max
-0.02374 0.02964 -0.07656 0.01670
-0.02078 0.02906 -0.07840 0.01670
-0.02484 0.03012 -0.08664 0.01602
-0.02091 0.02783 -0.07356 0.01670
-0.02306 0.02869 -0.07718 0.01604
-0.02427 0.03026 -0.08022 0.01672
-0.02572 0.02634 -0.06752 0.01262
-0.03195 0.03606 -0.10316 0.01152
-0.02290 0.02914 -0.07898 0.01670
-0.02325 0.02875 -0.08040 0.01670
-0.02271 0.02717 -0.06994 0.01600
-0.02296 0.02872 -0.07824 0.01670
-0.02160 0.02322 -0.05174 0.01610
-0.02281 0.02898 -0.08136 0.01670
-0.02201 0.02778 -0.07266 0.01396
0.00119 0.00335 -0.00000 0.01122
0.00192 0.01629 -0.02608 0.02307
-0.04398 0.04505 -0.12820 0.00184
-0.05572 0.05358 -0.14946 0.00418
-0.02278 0.02785 -0.07726 0.01544
