# avg	std	min	max
0.04318 0.25302 -0.16762 0.77275
-0.05357 0.13117 -0.30932 0.12356
-0.06237 0.12640 -0.25960 0.04956
-0.08540 0.21274 -0.67453 0.08181
-0.06692 0.18515 -0.54742 0.08130
-0.12990 0.32034 -1.05145 0.11430
-0.08045 0.11703 -0.27994 0.04857
-0.16226 0.45726 -1.52167 0.04693
-0.12248 0.18544 -0.47934 0.08786
-0.05228 0.11376 -0.31500 0.07940
-0.05721 0.11432 -0.29024 0.07008
-0.03395 0.12284 -0.31464 0.10650
-0.17290 0.36301 -1.20138 0.11163
-0.02433 0.09347 -0.25048 0.09769
-0.03826 0.10469 -0.25982 0.10427
0.00760 0.08679 -0.19006 0.18266
0.00335 0.00952 -0.00043 0.03182
-0.05421 0.20090 -0.47894 0.18728
-0.06643 0.17345 -0.37097 0.15063
-0.06962 0.23180 -0.71330 0.11158
