# avg	std	min	max
-0.01338 0.57404 -0.71180 1.21602
-0.39285 0.39314 -0.85916 0.32288
-0.49509 0.45936 -1.15452 0.42157
-0.75789 0.54473 -1.52813 0.25558
-0.37635 0.69219 -1.56173 0.61686
-0.71874 0.68730 -1.98833 0.65365
-0.54794 0.40014 -1.13671 0.18206
-0.34349 0.39460 -0.90983 0.36614
-0.41394 0.48780 -1.20381 0.23173
-0.16066 0.50177 -1.35830 0.53496
-0.05882 0.56614 -0.88564 0.83688
-0.30695 0.47100 -1.03018 0.49568
-0.43888 0.34114 -0.96644 0.32874
-0.14751 0.61915 -1.29516 0.73887
-0.51593 0.46727 -1.42026 0.08850
0.28648 0.56504 -1.09872 0.93496
-0.01675 0.02104 -0.05737 0.01010
-0.19141 0.54723 -0.93086 0.89124
-0.13321 0.46626 -0.88046 0.79612
-0.07593 0.54674 -1.24360 0.86552
