# avg	std	min	max
0.08911 0.06411 -0.02813 0.17414
0.05771 0.07245 -0.05591 0.15741
0.06699 0.07190 -0.03490 0.16426
0.07236 0.06249 -0.02458 0.16947
0.07127 0.06429 -0.00959 0.16346
0.09822 0.08248 -0.00914 0.22247
0.07618 0.06404 -0.04019 0.17000
0.04916 0.12973 -0.26120 0.26281
0.13928 0.09202 0.00725 0.31089
0.07007 0.06554 -0.03926 0.16112
0.06861 0.06305 -0.01764 0.15376
0.06649 0.06388 -0.03725 0.16861
0.05927 0.07278 -0.05676 0.17026
0.07288 0.06595 -0.04135 0.16867
0.06750 0.06239 -0.04186 0.16925
-0.01810 0.02401 -0.06420 0.01234
-0.00024 0.00162 -0.00469 0.00198
0.11291 0.08576 -0.00315 0.26591
0.16363 0.15466 -0.02265 0.52472
0.07846 0.07219 -0.03462 0.19971
