# avg	std	min	max
-0.03714 0.13210 -0.23514 0.18936
-0.05842 0.15722 -0.34713 0.15706
0.01666 0.22179 -0.29101 0.40756
-0.11822 0.15647 -0.35181 0.13104
-0.03869 0.16424 -0.33698 0.22158
-0.07870 0.13738 -0.38983 0.05830
0.00957 0.11257 -0.17828 0.18981
-0.08189 0.16054 -0.27756 0.18695
-0.01850 0.24185 -0.39515 0.35128
-0.06368 0.13243 -0.34694 0.09496
-0.03417 0.23088 -0.30882 0.52792
-0.05015 0.13749 -0.27077 0.15368
-0.07337 0.26698 -0.59938 0.37366
-0.02906 0.10254 -0.22799 0.10490
-0.03653 0.11128 -0.30542 0.09460
-0.02891 0.15961 -0.31492 0.18586
-0.04691 0.20834 -0.55055 0.20758
-0.03709 0.10199 -0.21893 0.10608
-0.00663 0.01457 -0.03460 0.01482
-0.07245 0.14338 -0.33510 0.10260
