# avg	std	min	max
-0.11084 1.13007 -2.19670 1.75737
-0.56527 1.17555 -3.14666 1.23682
-0.60756 1.25629 -2.40187 1.05637
-0.43536 0.80280 -1.54635 0.82355
0.29469 0.88903 -1.01408 1.63881
-1.29718 1.14501 -2.46572 0.66513
0.79610 1.72915 -2.11981 3.61318
1.52250 2.20065 -2.09200 6.21810
0.12121 0.87036 -1.48990 1.72094
-0.05640 1.17676 -2.03842 2.04600
0.14504 0.88618 -0.86163 1.45079
-0.28524 0.89619 -1.77954 1.21761
1.29280 1.84253 -1.28655 3.69670
0.77080 1.13705 -1.79830 2.46478
0.34611 1.01965 -1.52208 1.97674
1.34810 1.34408 -1.51245 3.15749
1.10218 1.11706 -0.69448 2.96049
0.40541 0.73565 -0.61947 1.72020
-0.01706 0.05799 -0.14210 0.09578
2.68419 2.36844 -1.55801 6.07805
