# avg	std	min	max
0.14323 0.34216 -0.21133 0.80905
0.19578 0.30892 -0.07120 0.95133
0.11701 0.44371 -0.61085 0.74149
0.09859 0.66262 -0.67581 1.42900
0.16429 0.48386 -0.77023 0.89572
-0.10081 0.62083 -1.21186 1.26662
0.34714 1.13197 -0.45145 3.48064
0.75718 2.17207 -0.83804 7.08986
0.27513 0.28920 -0.11465 0.73657
-0.00266 0.01096 -0.03483 0.00759
0.05130 0.28258 -0.35840 0.58644
-0.01621 0.09635 -0.20342 0.13464
0.46106 1.19367 -0.43058 3.87358
0.14209 0.39760 -0.51653 1.09246
0.40305 0.79534 -0.63307 2.54696
0.30970 0.59408 -0.51837 1.73568
0.45131 0.68855 -0.77640 1.50550
0.45098 0.72766 -0.59447 1.88896
0.85862 1.58887 -0.48321 5.31462
0.38437 0.60821 -0.32629 2.01172
