# avg	std	min	max
0.06946 0.35030 -0.79658 0.51172
-0.23621 0.29332 -0.82766 0.29278
-0.38701 0.83381 -1.12910 1.83422
-0.64660 1.06674 -2.33592 1.87242
-0.18542 0.95366 -1.79436 1.57716
-0.97434 0.93238 -2.75760 1.07240
-0.24927 1.89290 -2.45650 4.54898
0.28548 1.85286 -2.33300 5.03346
1.69829 0.98478 -0.02520 3.72129
0.00088 0.00219 -0.00055 0.00720
-0.05344 0.51401 -0.95674 0.88592
-0.44473 0.56808 -1.11954 1.06328
-0.12561 1.72410 -3.04911 3.53014
0.81365 1.30500 -0.69374 2.93402
-0.06471 0.98011 -1.58126 1.95938
0.89940 1.19001 -0.46326 2.98656
-0.26797 0.75504 -1.48268 1.53058
-0.20084 0.86997 -1.57550 1.44316
0.00409 1.05423 -1.43610 2.54342
1.27253 2.94535 -0.71634 8.69860
