# avg	std	min	max
-0.23135 1.67355 -4.66221 2.06771
-0.17428 0.94457 -2.07650 1.91967
0.80275 2.38339 -1.57030 7.50672
1.04717 2.72782 -1.41333 8.56838
1.00726 2.89014 -1.61360 9.06990
0.49046 2.08575 -0.93192 6.32100
2.04768 4.62120 -1.83870 14.60668
3.19568 6.87012 -0.88808 22.70704
0.52336 0.93769 -1.12652 2.18583
-0.00173 0.00620 -0.01755 0.00702
0.49014 1.71131 -0.70088 5.34480
0.15990 0.81006 -0.59814 2.26787
2.45979 5.78061 -1.86212 18.07314
0.90295 1.79423 -1.36114 5.50938
1.92846 3.59007 -0.32720 12.18094
0.85667 1.18940 -0.59104 3.01808
1.42139 2.78372 -0.99796 9.10676
1.46621 3.22568 -0.53824 10.48458
2.26016 4.97397 -0.49311 16.69466
2.98099 4.85293 -0.84434 15.40170
