# avg	std	min	max
0.41859 0.86530 -1.33373 1.36110
0.46793 0.57672 -0.35378 1.39009
0.64292 0.84147 -0.60196 2.21285
1.11478 1.15687 -0.50262 3.27806
0.75830 1.32928 -0.63876 4.04859
0.33390 1.05160 -0.99386 1.86897
4.60592 5.12984 -0.27802 15.76523
2.85719 3.84175 0.27016 11.40148
0.05301 0.70840 -0.90056 1.13789
-0.38665 0.68436 -1.60099 0.37300
-0.01159 0.02268 -0.05880 0.00667
0.13882 0.48503 -0.61546 1.03784
3.52953 4.18468 -0.67934 12.27974
1.10353 1.16037 -0.95616 2.26021
1.72180 1.52963 0.01414 5.32740
2.63895 0.95829 1.37834 4.39853
2.75785 1.78988 0.90734 7.24058
1.08351 0.88666 -0.28089 2.19118
0.14714 0.91745 -1.40117 1.80058
6.38409 4.94735 0.97316 18.50072
