# avg	std	min	max
0.18628 0.39370 -0.62179 0.79635
0.01950 0.37181 -0.54231 0.84870
0.00372 0.53127 -0.74687 1.01587
-0.40253 0.34876 -1.01698 0.27913
-0.13503 0.46567 -0.95386 0.72345
-0.39334 0.37752 -0.83908 0.52069
-0.31168 0.45752 -0.91843 0.77666
-0.36208 0.75875 -1.44980 1.12780
0.07392 0.55592 -1.12885 1.16721
0.16047 0.22807 -0.23850 0.52286
0.00217 0.04478 -0.10412 0.09482
-0.00561 0.29403 -0.59264 0.45030
-0.21818 0.48698 -0.85199 0.95272
0.20362 0.33454 -0.65633 0.46752
-0.06236 0.39500 -0.63523 0.82383
0.40665 0.62520 -0.52412 1.42209
0.42839 0.56776 -0.28694 1.26682
-0.20198 0.37640 -0.74728 0.60180
-0.02471 0.72466 -1.63824 1.01934
0.09719 0.61874 -0.88836 1.72286
