# avg	std	min	max
-0.02847 0.02895 -0.07715 0.00452
-0.01271 0.01909 -0.04180 0.02472
-0.00005 0.01210 -0.02079 0.02192
-0.00831 0.01734 -0.04612 0.00942
-0.00135 0.01400 -0.02326 0.02828
0.02373 0.06219 -0.02341 0.19058
-0.02154 0.05999 -0.19154 0.03053
-0.03964 0.05180 -0.15342 0.01379
0.03132 0.08793 -0.12161 0.16510
-0.01139 0.00977 -0.02655 0.00296
0.00038 0.00105 -0.00000 0.00351
-0.00405 0.01041 -0.01636 0.01767
-0.03242 0.05610 -0.15762 0.02215
-0.00274 0.01595 -0.03283 0.03141
0.00523 0.02723 -0.03020 0.04624
-0.04361 0.04323 -0.09085 0.06646
-0.02763 0.04443 -0.09865 0.04501
0.01484 0.07598 -0.13805 0.17814
0.06287 0.18081 -0.19509 0.41116
-0.02453 0.04791 -0.15148 0.02872
