# avg	std	min	max
-0.66869 1.15855 -3.08476 1.01480
-0.56975 0.80640 -1.94251 0.52300
-0.10852 0.91428 -1.04842 2.33496
0.57660 1.63959 -1.17883 4.95762
0.31247 1.20492 -0.75126 3.50222
0.23401 1.19814 -1.50660 3.00432
4.54956 5.55338 -0.57583 14.70457
5.07794 6.82116 -1.30405 18.60240
-0.70430 0.81257 -1.91171 0.69360
-0.32121 0.58166 -1.30314 0.50362
0.00128 0.01032 -0.00896 0.02988
-0.04674 0.58076 -1.00223 1.08604
5.77350 6.04080 -0.37661 16.11068
0.99764 1.42561 -0.51241 4.96472
0.79751 1.00947 -0.80933 3.06648
1.46723 1.26575 -0.10295 3.82022
0.80875 1.20239 -0.93029 3.23948
0.89410 1.38235 -1.33713 3.26856
1.43249 2.01883 -1.28538 6.47825
3.14785 4.29847 -0.99922 12.00992
