# avg	std	min	max
0.02599 0.04554 -0.00386 0.14790
0.00637 0.02192 -0.02912 0.06298
0.00238 0.02377 -0.03896 0.06160
0.01286 0.02043 -0.00115 0.06478
-0.00447 0.02410 -0.06499 0.03978
0.00665 0.01992 -0.00828 0.06434
0.01462 0.05052 -0.06351 0.09872
-0.00877 0.02329 -0.05398 0.02222
0.01002 0.03175 -0.02515 0.07451
-0.00780 0.01811 -0.04502 0.00573
0.00020 0.00059 0.00000 0.00198
0.00181 0.03116 -0.07129 0.06370
0.00246 0.03779 -0.06262 0.06146
-0.00028 0.01974 -0.03432 0.03946
0.00660 0.04180 -0.02322 0.12762
-0.06982 0.09759 -0.29998 0.05062
-0.07240 0.11728 -0.31730 0.09912
0.02280 0.03819 -0.01745 0.10928
0.04164 0.04676 -0.03965 0.12452
0.01924 0.03977 -0.03091 0.09690
