# avg	std	min	max
-0.00163 0.00279 -0.00950 0.00008
-0.00154 0.00316 -0.01082 0.00008
-0.00157 0.00325 -0.01098 0.00110
-0.00296 0.00811 -0.02726 0.00000
-0.00211 0.00545 -0.01830 0.00070
-0.00314 0.00891 -0.02984 0.00070
0.00035 0.00264 -0.00409 0.00585
-0.00002 0.00005 -0.00016 0.00000
-0.00089 0.00176 -0.00364 0.00172
-0.00084 0.00127 -0.00424 0.00012
0.00213 0.00760 -0.00158 0.02484
-0.00192 0.00501 -0.01600 0.00336
-0.00045 0.00426 -0.01238 0.00456
-0.00148 0.00368 -0.01240 0.00080
-0.00275 0.01041 -0.03352 0.00466
-0.00795 0.01386 -0.04198 0.00662
-0.00137 0.01418 -0.02010 0.03480
-0.00930 0.01389 -0.03788 0.00318
-0.01128 0.02078 -0.05824 0.00828
-0.00400 0.00818 -0.02612 0.00000
