# avg	std	min	max
-0.00064 1.38422 -2.67583 1.94321
0.17896 1.21956 -1.91778 2.42153
-0.07548 1.13408 -2.48860 1.72828
-0.50003 1.10512 -3.03012 1.18537
0.13573 0.94852 -1.51364 1.53643
-0.69670 1.05108 -3.13494 1.14582
0.49305 1.49741 -1.66818 3.77367
2.05044 2.07129 -0.76248 6.22491
0.33692 1.53405 -2.90240 3.25180
0.42651 1.52575 -1.99738 3.65452
-0.08174 1.51236 -3.78765 1.63938
0.08160 1.28577 -2.12674 2.57104
-0.04061 0.12553 -0.25530 0.22669
0.30746 1.32705 -1.95400 3.20650
0.21292 1.22398 -1.97959 2.67187
0.74264 1.73711 -2.55633 4.10069
0.37309 1.61539 -1.92301 3.10324
0.79332 1.39022 -1.10334 3.71981
1.11194 1.56847 -0.77992 4.02076
0.19174 1.37617 -2.34884 2.92936
