# avg	std	min	max
0.00000 0.00000 0.00000 0.00000
0.00000 0.00000 0.00000 0.00000
0.00000 0.00001 0.00000 0.00004
-0.00013 0.00039 -0.00131 0.00000
-0.00048 0.00145 -0.00485 0.00000
0.00006 0.00016 0.00000 0.00053
-0.00003 0.00010 -0.00033 0.00001
-0.00004 0.00016 -0.00051 0.00009
-0.00004 0.00042 -0.00111 0.00075
0.00000 0.00000 0.00000 0.00000
0.00000 0.00000 0.00000 0.00000
0.00000 0.00000 0.00000 0.00000
-0.00007 0.00014 -0.00037 0.00000
-0.00000 0.00001 -0.00002 0.00000
-0.00008 0.00024 -0.00080 0.00002
-0.00000 0.00001 -0.00002 0.00000
-0.00005 0.00032 -0.00086 0.00055
-0.00051 0.00145 -0.00485 0.00000
-0.00075 0.00155 -0.00485 0.00000
-0.00009 0.00026 -0.00088 0.00000
