# avg	std	min	max
-0.00070 0.01482 -0.04183 0.01443
0.00352 0.00792 -0.00317 0.02570
-0.00570 0.01673 -0.03511 0.03395
-0.00372 0.00975 -0.01775 0.01693
-0.00278 0.02429 -0.04207 0.05613
0.00580 0.04156 -0.07149 0.10729
-0.00364 0.00424 -0.01214 0.00079
-0.00346 0.01410 -0.02683 0.01668
0.00301 0.00389 -0.00159 0.00871
0.00083 0.01078 -0.02525 0.02136
-0.00603 0.01292 -0.04286 0.00432
0.00008 0.00025 -0.00001 0.00084
0.00628 0.03104 -0.02358 0.08816
-0.02874 0.06359 -0.21822 0.00000
-0.00944 0.01945 -0.06641 0.00335
0.01711 0.02791 -0.02045 0.07439
-0.00461 0.04345 -0.12058 0.04604
-0.01171 0.01540 -0.03567 0.00960
-0.02772 0.03455 -0.11502 0.00279
-0.03235 0.07316 -0.23490 0.03246
