# avg	std	min	max
-0.08489 0.17616 -0.44560 0.25870
-0.04908 0.16029 -0.42844 0.17428
0.06653 0.25951 -0.38365 0.70633
-0.04213 0.23411 -0.48587 0.41303
0.04106 0.19389 -0.36742 0.41533
-0.20380 0.33476 -1.12229 0.05783
-0.13113 0.17315 -0.49975 0.02663
0.29810 0.76965 -0.35038 2.35184
0.06352 0.17347 -0.11761 0.38460
0.02225 0.13285 -0.11418 0.35947
0.02074 0.13199 -0.26883 0.28056
0.00034 0.00138 -0.00265 0.00276
-0.00834 0.14697 -0.40012 0.14596
0.06899 0.31069 -0.40951 0.69329
0.10638 0.40734 -0.42207 1.01520
0.18674 0.41646 -0.38953 1.17118
0.33323 0.72261 -0.43676 1.73586
0.07805 0.29853 -0.37278 0.55635
0.05599 0.32329 -0.44438 0.62290
0.22832 0.45554 -0.34847 1.16663
