# avg	std	min	max
-0.27214 0.27649 -0.81486 0.32648
-0.51171 0.18373 -0.73699 -0.19220
-0.72191 0.40748 -1.29230 -0.07210
-0.76903 0.50310 -1.57512 0.25272
-0.80169 0.38921 -1.41011 -0.26562
-0.82838 0.53779 -1.71355 0.20052
-0.21933 0.41967 -0.93962 0.32355
1.27408 2.02387 -1.05614 4.67008
-0.29484 0.19216 -0.53917 0.16119
-0.33172 0.15141 -0.52620 -0.03101
-0.54268 0.28711 -0.90223 0.11758
-0.58663 0.19087 -0.90633 -0.29541
-0.28670 0.58926 -1.27923 0.91031
-0.44367 0.17888 -0.73696 -0.20841
-0.44734 0.34278 -1.12718 0.01700
-0.00948 0.02489 -0.07863 0.00927
-0.10469 0.23453 -0.54452 0.25034
-0.09192 0.70909 -1.36692 1.17290
0.15736 1.17725 -1.44365 2.58906
0.07889 0.59310 -0.80382 1.45961
