# avg	std	min	max
0.00031 0.00501 -0.00771 0.01373
-0.00010 0.00417 -0.00775 0.01015
0.00075 0.00564 -0.00777 0.01619
-0.00202 0.00365 -0.01055 0.00000
0.00229 0.00976 -0.00780 0.03071
-0.00059 0.00265 -0.00777 0.00311
-0.00197 0.00418 -0.01228 0.00131
-0.00050 0.00253 -0.00778 0.00190
-0.00148 0.00253 -0.00779 0.00000
-0.00084 0.00243 -0.00771 0.00146
0.00038 0.00475 -0.00778 0.01283
0.00022 0.00474 -0.00778 0.01256
-0.00064 0.00251 -0.00779 0.00241
0.00004 0.00418 -0.00778 0.01045
-0.00077 0.00243 -0.00778 0.00159
0.00022 0.00093 -0.00167 0.00212
-0.00001 0.00004 -0.00012 0.00000
-0.00343 0.00669 -0.02124 0.00066
-0.00430 0.00671 -0.01845 0.00000
-0.00146 0.00257 -0.00779 0.00000
