# avg	std	min	max
-0.00097 0.00363 -0.01116 0.00202
-0.00159 0.00344 -0.01122 0.00096
-0.00093 0.00347 -0.01121 0.00183
-0.00109 0.00343 -0.01135 0.00062
-0.00122 0.00343 -0.01118 0.00101
-0.00097 0.00131 -0.00392 0.00046
-0.00111 0.00236 -0.00753 0.00037
-0.00075 0.00118 -0.00277 0.00100
-0.00050 0.00384 -0.01116 0.00433
-0.00116 0.00335 -0.01116 0.00049
-0.00092 0.00351 -0.01116 0.00258
-0.00097 0.00342 -0.01119 0.00088
-0.00173 0.00323 -0.00866 0.00100
-0.00266 0.00425 -0.01117 0.00047
-0.00305 0.00444 -0.01155 0.00000
-0.00097 0.00260 -0.00852 0.00115
0.00000 0.00000 -0.00000 0.00000
-0.00207 0.00286 -0.00757 0.00002
-0.00187 0.00287 -0.00757 0.00231
-0.00261 0.00389 -0.01123 0.00050
