# avg	std	min	max
-0.20881 1.25267 -1.50616 2.33294
-0.54561 1.15089 -2.16220 1.61928
-0.02836 1.67012 -1.76684 3.53987
0.08995 0.98003 -1.38825 1.93160
0.11496 1.53516 -2.13653 2.51663
-0.49374 1.74757 -1.79730 4.16630
4.02654 2.68726 1.05225 9.74065
7.36922 3.41814 3.04983 15.15278
2.00309 1.26168 -0.01805 4.50169
0.10144 1.16052 -1.21684 2.44244
1.12284 2.25045 -1.63419 6.14682
-0.20504 1.09408 -1.86940 1.82938
5.79042 3.54137 1.32848 13.19451
0.16907 0.97509 -0.86738 2.13632
0.33832 0.91626 -0.50339 2.41011
0.25762 1.11003 -1.23862 2.91016
-0.12052 0.23566 -0.74288 0.02256
1.62335 1.64053 0.33175 5.90558
3.71072 3.48152 0.94589 12.82491
2.66651 2.72482 -0.93315 8.43570
