# avg	std	min	max
0.34124 0.41734 -0.31226 1.24128
0.33443 0.46375 -0.33401 1.50171
0.43978 0.51723 -0.06844 1.38302
0.29999 0.41799 -0.14856 1.18950
0.45336 0.54539 -0.17467 1.27927
0.22692 0.29018 -0.14605 0.85431
-0.01153 0.03816 -0.12563 0.00954
0.25564 0.55359 -0.43505 1.50539
0.47361 0.66548 -0.35544 1.93594
0.27567 0.35297 -0.37953 0.95128
0.08061 0.40427 -0.53564 0.73916
0.19895 0.39383 -0.30444 1.08025
-0.14005 0.31930 -0.76370 0.17655
0.18681 0.33861 -0.16329 0.97333
0.11232 0.19675 -0.13459 0.44604
0.69912 0.61069 -0.42280 1.92426
0.64546 0.76782 -0.26718 2.52452
0.03324 0.33920 -0.30328 0.89261
-0.53931 1.07817 -2.63439 1.13140
0.20039 0.30746 -0.02581 0.97821
