# avg	std	min	max
0.00000 0.00000 0.00000 0.00000
0.22893 0.53218 -0.23410 1.11239
1.53962 1.52852 0.33291 4.59379
1.26751 1.95267 -0.57415 5.81996
1.96885 1.56840 0.34195 5.46205
0.44578 1.22160 -0.73603 3.21824
2.97236 3.95181 -0.86885 12.56901
2.49220 2.68867 -0.99621 7.56059
1.65694 0.81917 0.30205 3.43305
0.51548 0.65466 -0.08982 1.79142
1.36667 1.07234 -0.17194 3.36423
0.38018 0.65256 -0.31988 1.49536
2.92697 3.64559 -0.74853 11.55199
0.97794 1.14922 -0.13211 3.74969
1.01087 1.60277 -0.85240 4.17238
1.86574 1.71691 0.14760 5.71237
1.22463 1.59739 -0.33538 4.14626
0.99822 1.74743 -0.48060 4.87032
0.89739 1.50204 -0.39316 3.86299
2.21947 2.48255 -0.31140 7.74258
