# avg	std	min	max
-0.40085 0.47159 -1.71195 0.02104
-0.38316 0.56301 -2.03739 0.01638
0.05430 0.28057 -0.09952 0.88812
-0.01896 0.31368 -0.42933 0.84393
-0.00102 0.00432 -0.00980 0.00769
-0.01652 0.15295 -0.26621 0.35594
-0.02892 0.57709 -0.52437 1.59869
0.19210 0.52236 -0.47146 1.21141
0.24969 0.29263 -0.02197 0.92827
-0.23726 0.16375 -0.58304 0.02088
-0.02220 0.32310 -0.39675 0.59205
-0.22916 0.19780 -0.71041 0.02518
-0.09917 0.22434 -0.53099 0.33893
-0.18508 0.10729 -0.36041 -0.01434
-0.13708 0.13578 -0.43335 0.09091
0.06893 0.16207 -0.22371 0.31988
0.18210 0.31726 -0.30419 0.93212
-0.12553 0.17973 -0.55142 0.18596
-0.15348 0.29427 -0.70700 0.34290
-0.00265 0.46241 -0.46116 1.32683
