# avg	std	min	max
-0.06860 0.11213 -0.33162 0.03520
-0.06118 0.08041 -0.27950 0.03729
-0.01933 0.04467 -0.09370 0.05853
-0.04468 0.07263 -0.23919 0.04325
-0.00020 0.00275 -0.00698 0.00522
-0.05128 0.06112 -0.20684 0.03139
-0.06833 0.07571 -0.22396 0.03005
-0.00539 0.11069 -0.21341 0.21703
-0.02858 0.08656 -0.19748 0.10330
-0.05714 0.08125 -0.27543 0.03230
-0.04844 0.06692 -0.22017 0.02515
-0.05421 0.07100 -0.24376 0.03253
-0.05731 0.08287 -0.25041 0.07163
-0.05309 0.06646 -0.22730 0.03612
-0.05191 0.06723 -0.22517 0.03952
-0.00303 0.07165 -0.17700 0.09760
-0.00090 0.06477 -0.14763 0.08618
-0.07286 0.08256 -0.24378 0.05465
-0.08489 0.14307 -0.30215 0.26416
-0.05532 0.06920 -0.23010 0.03116
