# avg	std	min	max
-0.92125 2.75477 -6.52403 2.12283
-0.73628 1.60324 -3.97727 1.41946
-0.59619 0.75110 -2.56363 0.10038
1.16700 1.87342 -2.19681 4.33302
-0.05402 0.13202 -0.42599 0.06044
-0.11557 1.88702 -2.89009 3.26430
2.51772 2.77582 -0.58174 7.65445
3.45440 3.03338 0.12770 8.99781
-0.99469 1.47541 -4.32532 0.96221
-0.11345 1.52561 -3.57929 2.63169
0.56568 1.15508 -0.94692 2.89203
-0.79402 1.05876 -2.65185 1.07907
2.36038 2.57676 -0.62793 6.70943
0.15587 1.59953 -2.53990 2.51168
0.62013 2.02268 -1.86376 4.50071
0.97498 2.27289 -3.31723 4.72111
0.84201 2.09454 -1.77970 5.67900
0.85560 2.40180 -1.93566 5.70654
0.95671 2.08130 -1.28870 4.53682
4.51065 3.68701 0.12669 13.41060
