# avg	std	min	max
0.00247 0.03056 -0.07695 0.04363
0.01384 0.01704 -0.00380 0.04165
0.01056 0.01612 -0.01168 0.04374
0.01349 0.01656 -0.00771 0.04103
0.00771 0.02038 -0.02909 0.04186
0.00744 0.01884 -0.02806 0.04309
0.00559 0.02324 -0.03757 0.04136
0.00838 0.02241 -0.04634 0.04349
0.01092 0.01528 -0.00327 0.04095
0.01229 0.01659 -0.00327 0.04273
0.00720 0.02081 -0.03238 0.04318
0.01352 0.01608 -0.00282 0.04233
0.01480 0.02338 -0.02714 0.05238
0.01163 0.01544 -0.00327 0.04479
0.01225 0.01596 -0.00718 0.04311
0.03762 0.04318 -0.04907 0.11144
0.01723 0.02766 -0.04290 0.05031
0.00059 0.00147 -0.00063 0.00483
-0.00920 0.02034 -0.04535 0.01842
0.00315 0.01566 -0.01806 0.04206
