# avg	std	min	max
0.21611 0.74703 -1.08707 1.76600
0.30244 0.81652 -1.02300 2.14110
0.12600 0.96684 -1.58058 2.17239
-0.09330 0.68832 -1.35194 1.26918
0.50162 1.11420 -0.77265 3.34650
-0.04651 0.54544 -0.70728 1.07640
0.20933 1.04997 -0.71633 2.89776
1.11934 1.39783 -0.66877 4.68432
0.93609 1.33662 -0.47203 4.18980
0.59466 0.84431 -0.63968 2.61968
0.58824 1.01860 -0.68099 2.56653
0.21674 0.66136 -0.52272 1.68215
0.48628 1.37481 -0.75393 4.18765
0.31810 0.52761 -0.33903 1.32646
0.02723 0.36459 -0.44301 0.60576
1.14514 0.90270 -0.38110 2.71314
0.91860 0.58752 -0.56048 1.93026
-0.01702 0.07048 -0.16074 0.07697
-0.06908 0.67656 -1.14933 1.15833
0.58783 0.97408 -0.61760 2.71869
