# avg	std	min	max
-0.00125 0.00823 -0.02036 0.01511
0.00133 0.00403 -0.00395 0.01239
-0.00310 0.01136 -0.03580 0.00621
0.00094 0.00348 -0.00506 0.00979
-0.00446 0.01911 -0.05429 0.02339
0.00070 0.00311 -0.00552 0.00817
0.00109 0.00347 -0.00371 0.01070
0.00045 0.00553 -0.01046 0.01150
-0.00165 0.01175 -0.03539 0.01106
-0.00068 0.00375 -0.01137 0.00341
-0.00015 0.00564 -0.01015 0.01180
0.00105 0.00520 -0.00571 0.01558
0.00209 0.00618 -0.00602 0.01909
0.00129 0.00406 -0.00487 0.01196
-0.00008 0.00443 -0.01176 0.00736
0.00549 0.00650 -0.00289 0.01756
0.00264 0.00581 -0.00392 0.01841
-0.00000 0.00003 -0.00006 0.00007
-0.00153 0.00752 -0.01578 0.01022
0.00137 0.00491 -0.00486 0.01526
