# avg	std	min	max
0.00020 0.00134 -0.00208 0.00372
0.00047 0.00110 0.00000 0.00372
0.00009 0.00156 -0.00323 0.00372
0.00044 0.00110 0.00000 0.00372
0.00033 0.00089 0.00000 0.00298
0.00043 0.00110 -0.00000 0.00372
0.00016 0.00073 -0.00077 0.00222
0.00033 0.00089 -0.00002 0.00298
0.00043 0.00112 -0.00046 0.00367
0.00022 0.00135 -0.00217 0.00372
0.00044 0.00116 -0.00081 0.00372
0.00025 0.00122 -0.00158 0.00359
-0.00003 0.00129 -0.00251 0.00298
0.00027 0.00126 -0.00160 0.00372
0.00022 0.00134 -0.00210 0.00372
0.00165 0.00542 -0.00400 0.01736
0.00161 0.00415 -0.00041 0.01397
-0.00009 0.00024 -0.00082 0.00000
-0.00022 0.00110 -0.00286 0.00190
0.00010 0.00123 -0.00246 0.00298
