# avg	std	min	max
-0.00000 0.00001 -0.00004 0.00000
0.00000 0.00000 0.00000 0.00000
0.00009 0.00027 0.00000 0.00091
0.00005 0.00014 0.00000 0.00045
0.00026 0.00068 0.00000 0.00227
0.00000 0.00001 0.00000 0.00005
0.00023 0.00068 0.00000 0.00227
0.00005 0.00014 0.00000 0.00045
0.00023 0.00068 0.00000 0.00227
0.00000 0.00000 0.00000 0.00000
0.00000 0.00000 0.00000 0.00000
0.00000 0.00000 0.00000 0.00000
0.00018 0.00054 0.00000 0.00182
0.00000 0.00000 0.00000 0.00000
0.00018 0.00054 0.00000 0.00182
0.00037 0.00111 0.00000 0.00370
0.00042 0.00085 0.00000 0.00237
0.00000 0.00000 0.00000 0.00000
0.00023 0.00068 0.00000 0.00227
0.00023 0.00068 0.00000 0.00227
