# avg	std	min	max
0.00000 0.00000 0.00000 0.00000
-0.00002 0.00007 -0.00022 0.00000
0.00019 0.00058 0.00000 0.00192
-0.00000 0.00000 -0.00001 0.00000
0.00050 0.00121 0.00000 0.00402
-0.00018 0.00055 -0.00182 0.00000
-0.00003 0.00010 -0.00032 0.00003
0.00050 0.00148 0.00000 0.00495
0.00050 0.00149 -0.00003 0.00496
-0.00002 0.00007 -0.00023 0.00000
0.00000 0.00000 0.00000 0.00000
-0.00000 0.00000 -0.00001 0.00000
-0.00002 0.00007 -0.00022 0.00003
-0.00000 0.00000 -0.00001 0.00000
0.00000 0.00001 0.00000 0.00001
0.00004 0.00011 0.00000 0.00037
-0.00019 0.00057 -0.00191 0.00000
-0.00027 0.00058 -0.00185 0.00000
0.00043 0.00117 -0.00000 0.00391
0.00001 0.00001 0.00000 0.00004
