# avg	std	min	max
0.03515 0.11518 -0.23101 0.15332
0.01641 0.04074 -0.03650 0.11294
-0.00862 0.04610 -0.10174 0.06350
-0.01084 0.06659 -0.13263 0.10734
-0.02117 0.04428 -0.12232 0.02445
-0.04671 0.07493 -0.18631 0.02987
0.03263 0.25800 -0.21251 0.76485
0.15743 0.47073 -0.36759 1.32732
0.06508 0.12357 -0.02653 0.31460
0.03724 0.08449 -0.01153 0.28417
-0.01946 0.04106 -0.11238 0.01824
-0.01200 0.04731 -0.14402 0.04392
0.07995 0.21704 -0.11571 0.66435
-0.00003 0.00187 -0.00421 0.00411
-0.00398 0.14991 -0.15930 0.41452
0.09791 0.09862 -0.05536 0.25293
0.10004 0.14491 -0.04442 0.50273
-0.06966 0.11116 -0.30652 0.13971
-0.06427 0.22204 -0.18514 0.59019
0.00353 0.13661 -0.17901 0.35591
