# avg	std	min	max
-0.39671 0.61253 -1.51208 0.95428
-0.24288 0.47062 -0.85503 0.86388
-0.11207 0.90779 -1.26148 1.87578
0.81041 1.11913 -0.66530 3.17422
-0.09923 0.75712 -1.28764 1.32812
0.64989 0.97172 -0.49796 2.75841
7.94235 3.24639 3.50222 13.73280
11.01031 5.20367 3.20499 20.41802
0.28628 0.99032 -1.08257 2.70433
-0.42006 0.58630 -1.61960 0.40101
-0.41343 0.66937 -1.18955 1.22844
-0.42542 0.81488 -1.70905 1.50462
11.50971 5.02203 3.81424 20.10247
0.04393 0.13421 -0.01267 0.44556
0.69792 1.20116 -1.11306 3.08398
1.61216 1.21481 -1.19083 3.52568
1.63467 1.09520 0.04023 3.65280
-0.00416 1.08594 -1.42850 2.08652
1.25833 1.73595 -1.00432 4.37942
5.71005 3.12298 1.06471 13.18677
