# avg	std	min	max
0.00049 0.00148 0.00000 0.00495
0.00049 0.00146 0.00000 0.00488
0.00049 0.00148 0.00000 0.00495
0.00055 0.00146 -0.00000 0.00489
0.00045 0.00134 0.00000 0.00446
0.00066 0.00152 0.00000 0.00495
0.00128 0.00205 -0.00045 0.00496
0.00067 0.00174 -0.00186 0.00495
0.00050 0.00149 0.00000 0.00496
0.00000 0.00000 0.00000 0.00000
0.00000 0.00000 0.00000 0.00000
0.00040 0.00119 0.00000 0.00396
0.00079 0.00205 -0.00233 0.00488
0.00044 0.00148 -0.00042 0.00487
0.00049 0.00148 -0.00002 0.00494
-0.00238 0.01130 -0.03593 0.00487
0.00109 0.00170 -0.00000 0.00494
0.00069 0.00164 -0.00092 0.00440
0.00043 0.00206 -0.00280 0.00388
0.00009 0.00025 -0.00003 0.00084
