# avg	std	min	max
-0.00011 0.00045 -0.00140 0.00041
0.00001 0.00031 -0.00069 0.00063
-0.00014 0.00030 -0.00091 0.00001
-0.00007 0.00063 -0.00181 0.00083
0.00068 0.00326 -0.00329 0.01001
-0.00003 0.00108 -0.00244 0.00227
0.00036 0.00068 -0.00012 0.00228
0.00057 0.00136 -0.00062 0.00437
0.00008 0.00012 0.00000 0.00038
-0.00003 0.00005 -0.00014 0.00000
0.00000 0.00000 0.00000 0.00000
0.00001 0.00002 -0.00001 0.00008
0.00006 0.00025 -0.00041 0.00061
0.00004 0.00007 0.00000 0.00024
-0.00001 0.00021 -0.00049 0.00040
0.00001 0.00033 -0.00064 0.00080
-0.00007 0.00018 -0.00062 0.00000
0.00022 0.00076 -0.00049 0.00243
-0.00164 0.00323 -0.00969 0.00055
-0.00148 0.00331 -0.01115 0.00000
