# avg	std	min	max
0.00000 0.00000 0.00000 0.00000
0.00000 0.00000 0.00000 0.00000
0.00000 0.00000 0.00000 0.00000
0.00000 0.00000 0.00000 0.00000
0.00000 0.00000 0.00000 0.00000
0.00000 0.00000 0.00000 0.00000
0.00009 0.00285 -0.00700 0.00481
0.00109 0.00221 -0.00003 0.00616
0.00000 0.00000 0.00000 0.00000
0.00000 0.00000 0.00000 0.00000
0.00000 0.00000 0.00000 0.00000
0.00000 0.00000 0.00000 0.00000
0.00028 0.00084 0.00000 0.00279
0.00000 0.00000 0.00000 0.00000
0.00000 0.00000 0.00000 0.00000
-0.00304 0.01147 -0.03593 0.01001
-0.00304 0.01180 -0.03593 0.01254
-0.00042 0.00192 -0.00595 0.00176
-0.00117 0.00445 -0.01443 0.00162
-0.00018 0.00055 -0.00183 0.00000
