# avg	std	min	max
1.29363 0.46006 0.65447 1.99506
1.28081 0.47035 0.41902 2.01371
0.93876 0.29286 0.33939 1.35813
0.38341 0.54538 -0.60386 1.43671
0.76266 0.55945 -0.08436 2.09094
0.21034 0.50873 -0.62181 0.79683
0.38997 0.42863 -0.56120 0.89770
-0.01668 0.03790 -0.08645 0.03247
1.47187 0.40641 0.61713 2.10194
1.37453 0.53118 0.40263 2.36509
1.16103 0.36629 0.44073 1.91201
1.21686 0.53338 0.25618 1.99698
0.81040 0.31490 0.25464 1.30621
1.22597 0.43296 0.37700 2.15142
1.27603 0.48291 0.24190 2.21863
1.47891 0.56218 0.42704 2.52521
1.58618 0.68184 0.65611 2.85906
0.88203 0.29730 0.28001 1.29543
1.06579 0.44648 0.08588 1.56216
1.16320 0.40434 0.52894 2.06068
