# avg	std	min	max
-0.46371 0.55320 -1.77634 0.19670
-0.48778 0.50733 -1.70955 0.07911
-0.44715 0.46672 -1.30281 0.07231
-0.36844 0.40189 -1.28774 0.12990
-0.38880 0.58356 -1.73693 0.47533
-0.16563 0.19044 -0.49937 0.13800
-0.01357 0.16584 -0.21122 0.25873
0.36722 0.52051 -0.26480 1.51751
-0.46896 0.53443 -1.68488 0.15698
-0.35483 0.56618 -1.42569 0.58432
-0.45935 0.57164 -1.78105 0.07707
-0.38225 0.46226 -1.39091 0.07010
0.00502 0.01424 -0.00282 0.04742
-0.42088 0.41046 -1.27749 0.05868
-0.20223 0.26169 -0.56631 0.38987
-0.34958 0.49321 -1.67817 0.11712
-0.24709 0.52388 -1.52916 0.42662
-0.22857 0.17371 -0.56926 0.07333
-0.03021 0.33869 -0.29692 0.93602
-0.09219 0.29587 -0.50335 0.54102
