# DDG
0.088
0.060
0.158
0.102
0.122
-0.062
0.198
0.215
0.072
0.082
0.059
0.552
0.208
0.327
-0.315
-0.208
0.682
0.344
0.872
-0.013
0.001
-0.008
0.001
0.025
-0.009
-0.041
-0.022
-0.002
0.001
-0.003
-0.010
-0.002
-0.002
0.071
-0.020
0.012
-0.016
-0.005
-0.001
0.000
-0.006
-0.000
-0.001
-0.002
0.020
0.006
0.010
0.000
0.000
0.020
0.005
-0.000
0.004
-0.034
0.000
0.025
0.069
0.202
0.189
-0.541
-0.535
-0.482
-0.751
1.006
-0.071
-0.033
0.242
-0.039
-0.139
0.488
0.092
-0.039
0.094
0.052
0.349
0.147
0.024
-0.014
-0.016
-0.017
-0.015
-0.024
-0.018
0.036
0.041
-0.019
-0.020
-0.021
-0.019
-0.018
-0.023
-0.011
-0.051
0.129
-0.020
-0.089
-0.024
0.000
-0.082
-0.083
0.073
-0.090
-0.035
-0.051
0.001
-0.066
0.076
-0.056
-0.046
-0.116
-0.168
-0.003
0.019
0.020
0.856
0.665
-0.046
0.358
0.430
0.942
5.168
0.878
1.038
0.739
0.802
0.935
0.863
1.390
0.733
-0.026
2.581
3.071
1.768
-0.242
-0.328
-0.402
-0.698
-0.404
-0.892
-1.133
-0.874
0.363
-0.130
0.193
-0.192
-0.947
-0.422
0.123
0.147
-0.096
0.137
-0.511
0.005
0.016
0.000
0.014
0.001
0.020
0.014
0.014
0.071
0.015
0.014
0.014
0.014
0.014
-0.034
-0.022
0.040
0.039
0.014
1.235
1.000
0.301
0.106
0.241
0.087
0.099
-0.117
1.084
1.160
0.724
0.497
0.673
0.190
0.543
0.717
-0.174
-0.260
-0.292
0.256
0.080
0.227
0.020
0.540
0.190
0.070
0.249
-0.099
-0.010
0.308
0.364
0.154
0.027
0.355
0.479
0.207
-0.083
0.012
0.440
0.107
-0.364
-0.920
0.091
-1.535
-0.369
-0.870
-0.235
0.815
0.245
0.037
0.512
0.371
0.616
-0.014
0.577
0.851
-0.170
0.000
0.000
0.000
0.000
0.000
0.000
0.000
0.000
0.000
0.000
0.000
0.000
0.000
0.000
0.000
0.000
0.000
0.000
0.000
-0.002
-0.017
-0.017
-0.011
-0.071
-0.004
0.137
-0.023
0.013
-0.009
-0.007
-0.018
-0.354
0.007
-0.023
-0.056
-0.069
-0.074
0.035
0.000
0.000
0.000
0.000
0.000
0.000
0.000
0.000
-0.000
0.000
0.000
0.000
0.000
0.000
0.000
0.000
0.000
0.000
0.000
0.000
0.000
0.010
0.000
0.010
0.000
0.000
0.000
0.000
0.000
0.000
0.000
0.000
0.000
-0.026
-0.025
0.023
0.026
0.000
-0.001
0.000
-0.002
0.000
-0.000
0.000
0.009
0.006
0.000
0.000
0.000
-0.002
0.001
-0.001
-0.001
0.018
0.017
-0.002
0.000
0.000
0.000
0.000
0.000
0.000
0.000
-0.001
-0.003
0.000
0.000
0.000
0.000
-0.002
0.000
0.000
0.000
-0.001
0.009
0.000
0.000
0.000
0.000
0.000
-0.000
0.000
-0.000
0.000
0.000
0.000
0.000
0.000
0.000
-0.000
0.000
0.000
0.000
0.000
0.000
0.001
0.001
0.000
-0.001
-0.000
-0.001
-0.002
-0.002
0.001
0.001
0.001
0.000
0.015
-0.000
0.022
0.012
0.015
0.033
-0.001
0.000
0.000
0.000
0.000
0.000
0.000
0.000
0.000
0.000
0.000
0.000
0.000
0.000
0.000
0.000
0.000
0.000
0.000
0.000
0.000
0.000
0.000
0.000
0.000
-0.000
-0.003
0.000
0.000
0.000
0.000
-0.000
0.000
0.000
0.000
0.000
0.000
0.000
0.000
0.398
0.319
0.062
-0.074
-0.385
0.304
0.054
-0.113
0.271
0.149
-0.243
-0.158
0.076
-0.074
-0.106
-0.121
-0.168
-0.053
-0.087
-0.314
0.013
-0.712
-0.426
-2.013
-2.598
-1.880
-0.592
-0.438
-0.004
-0.688
-2.331
-0.181
-0.599
-0.581
-0.001
-1.177
-1.259
-1.500
-0.789
-0.338
-0.779
-2.021
-0.303
-1.409
-1.491
-1.495
-0.450
-0.732
-0.622
-0.645
-3.432
-0.736
0.438
-0.494
-1.042
-0.870
-0.762
1.311
0.614
1.074
-1.001
0.842
-0.383
-0.339
-0.160
0.968
1.017
2.224
0.663
-0.135
0.689
1.097
0.562
-0.228
0.885
-0.154
1.026
0.801
0.686
0.693
0.724
1.132
1.828
2.231
1.002
0.163
1.112
1.371
1.631
1.272
2.026
1.056
1.965
2.358
1.085
0.828
0.486
-0.184
0.003
0.222
-0.428
2.916
7.716
2.062
0.669
-0.275
2.919
1.443
0.175
2.768
0.258
-0.771
-0.745
6.385
-0.040
0.241
0.492
0.078
0.206
-0.041
-0.202
-0.058
0.697
0.777
1.170
0.259
0.088
0.542
1.856
1.083
0.078
0.002
0.146
-0.168
-0.224
-0.308
-0.375
-0.308
-0.428
-0.629
-0.697
-0.248
-0.200
-0.226
-0.251
-0.517
-0.257
-0.251
0.406
-0.463
-0.542
-0.317
-0.096
-0.091
-0.097
-0.217
-0.069
-0.082
-0.155
-0.262
0.059
0.010
-0.019
-0.076
0.039
0.092
-0.007
0.320
0.504
0.024
0.175
0.917
0.843
0.651
0.407
0.647
0.356
2.597
2.447
0.868
0.792
0.682
0.710
1.984
0.720
0.726
0.722
1.087
-0.255
1.143
0.720
0.452
0.277
-0.378
-0.215
-0.561
-0.823
-0.517
0.731
0.201
0.551
-0.901
0.817
0.555
0.172
0.765
0.020
-0.796
0.151
1.529
1.188
1.421
1.344
1.683
0.587
1.194
0.693
1.641
0.662
-0.029
1.446
2.445
1.706
1.716
2.965
3.087
-0.286
2.403
-0.179
-0.115
-0.088
-0.100
-0.078
-0.110
-0.086
-0.117
-0.096
-0.065
-0.055
-0.108
-0.084
-0.109
-0.117
-0.321
-0.258
0.067
-0.108
3.402
3.290
2.544
1.627
2.534
1.755
0.450
1.639
4.361
3.435
3.203
3.010
3.381
3.172
3.247
3.556
4.120
4.218
2.680
0.235
-0.487
-0.462
-1.074
-0.873
-1.106
-0.402
-0.518
1.422
0.649
-0.190
0.054
0.482
0.105
1.077
-0.296
-0.559
-1.833
-0.263
-0.232
0.675
-0.287
0.599
-0.367
-0.376
-0.176
-0.133
0.236
0.877
-0.248
0.600
-0.223
-0.220
-0.076
0.198
0.339
-0.018
0.317
0.563
0.490
-0.172
0.339
0.000
0.337
0.388
-0.014
0.639
0.622
0.244
0.404
0.455
-0.022
-0.488
0.091
0.444
0.598
0.276
-0.544
-0.432
-0.176
-0.149
-0.273
-0.302
-0.376
-0.290
-0.314
0.118
-0.223
-0.358
-0.257
-0.318
-0.746
-0.747
-0.306
-0.199
-0.173
