# avg	std	min	max
-0.25853 0.00000 -0.25853 -0.25853
0.00000 0.00000 0.00000 0.00000
0.23425 0.00000 0.23425 0.23425
-0.80852 0.00000 -0.80852 -0.80852
0.17909 0.00000 0.17909 0.17909
-0.56423 0.00000 -0.56423 -0.56423
-1.58287 0.00000 -1.58287 -1.58287
-0.19726 0.00000 -0.19726 -0.19726
0.86824 0.00000 0.86824 0.86824
1.46634 0.00000 1.46634 1.46634
0.90991 0.00000 0.90991 0.90991
0.80925 0.00000 0.80925 0.80925
-1.24058 0.00000 -1.24058 -1.24058
-0.40849 0.00000 -0.40849 -0.40849
-0.59424 0.00000 -0.59424 -0.59424
1.13971 0.00000 1.13971 1.13971
0.33245 0.00000 0.33245 0.33245
0.45537 0.00000 0.45537 0.45537
0.48113 0.00000 0.48113 0.48113
0.23203 0.00000 0.23203 0.23203
