# avg	std	min	max
3.29513 0.00000 3.29513 3.29513
4.13554 0.00000 4.13554 4.13554
4.71074 0.00000 4.71074 4.71074
3.78198 0.00000 3.78198 3.78198
6.53985 0.00000 6.53985 6.53985
3.46482 0.00000 3.46482 3.46482
4.70501 0.00000 4.70501 4.70501
6.65573 0.00000 6.65573 6.65573
7.74297 0.00000 7.74297 7.74297
3.92111 0.00000 3.92111 3.92111
6.28250 0.00000 6.28250 6.28250
0.01556 0.00000 0.01556 0.01556
4.96166 0.00000 4.96166 4.96166
3.38184 0.00000 3.38184 3.38184
5.17018 0.00000 5.17018 5.17018
3.96524 0.00000 3.96524 3.96524
4.76386 0.00000 4.76386 4.76386
4.01896 0.00000 4.01896 4.01896
4.57537 0.00000 4.57537 4.57537
6.12567 0.00000 6.12567 6.12567
