# avg	std	min	max
4.82495 0.00000 4.82495 4.82495
4.37359 0.00000 4.37359 4.37359
6.01827 0.00000 6.01827 6.01827
6.56304 0.00000 6.56304 6.56304
6.45340 0.00000 6.45340 6.45340
4.47035 0.00000 4.47035 4.47035
6.36270 0.00000 6.36270 6.36270
7.56031 0.00000 7.56031 7.56031
6.00562 0.00000 6.00562 6.00562
5.61038 0.00000 5.61038 5.61038
6.03627 0.00000 6.03627 6.03627
0.00054 0.00000 0.00054 0.00054
6.57490 0.00000 6.57490 6.57490
7.86641 0.00000 7.86641 7.86641
6.55889 0.00000 6.55889 6.55889
7.67299 0.00000 7.67299 7.67299
7.10690 0.00000 7.10690 7.10690
7.95961 0.00000 7.95961 7.95961
8.33899 0.00000 8.33899 8.33899
9.48655 0.00000 9.48655 9.48655
