# avg	std	min	max
3.69812 0.00000 3.69812 3.69812
2.51125 0.00000 2.51125 2.51125
0.68685 0.00000 0.68685 0.68685
0.18175 0.00000 0.18175 0.18175
1.86501 0.00000 1.86501 1.86501
0.95459 0.00000 0.95459 0.95459
5.29603 0.00000 5.29603 5.29603
4.80416 0.00000 4.80416 4.80416
7.43502 0.00000 7.43502 7.43502
3.31393 0.00000 3.31393 3.31393
1.72559 0.00000 1.72559 1.72559
2.61692 0.00000 2.61692 2.61692
7.16207 0.00000 7.16207 7.16207
1.68065 0.00000 1.68065 1.68065
2.58332 0.00000 2.58332 2.58332
-0.10128 0.00000 -0.10128 -0.10128
2.30623 0.00000 2.30623 2.30623
3.87318 0.00000 3.87318 3.87318
4.76797 0.00000 4.76797 4.76797
4.90438 0.00000 4.90438 4.90438
