# avg	std	min	max
0.50522 0.00000 0.50522 0.50522
0.85532 0.00000 0.85532 0.85532
1.20155 0.00000 1.20155 1.20155
0.12104 0.00000 0.12104 0.12104
1.52541 0.00000 1.52541 1.52541
-0.13252 0.00000 -0.13252 -0.13252
0.21461 0.00000 0.21461 0.21461
1.11752 0.00000 1.11752 1.11752
5.23128 0.00000 5.23128 5.23128
0.52223 0.00000 0.52223 0.52223
2.17913 0.00000 2.17913 2.17913
0.38881 0.00000 0.38881 0.38881
0.06052 0.00000 0.06052 0.06052
-0.02977 0.00000 -0.02977 -0.02977
0.00170 0.00000 0.00170 0.00170
0.03033 0.00000 0.03033 0.03033
-0.11797 0.00000 -0.11797 -0.11797
-0.08469 0.00000 -0.08469 -0.08469
0.15629 0.00000 0.15629 0.15629
0.60320 0.00000 0.60320 0.60320
