# avg	std	min	max
-0.15993 0.00000 -0.15993 -0.15993
-0.31705 0.00000 -0.31705 -0.31705
0.62116 0.00000 0.62116 0.62116
-0.02105 0.00000 -0.02105 -0.02105
0.21440 0.00000 0.21440 0.21440
-0.16371 0.00000 -0.16371 -0.16371
0.22552 0.00000 0.22552 0.22552
0.73874 0.00000 0.73874 0.73874
2.57659 0.00000 2.57659 2.57659
-0.16328 0.00000 -0.16328 -0.16328
0.15531 0.00000 0.15531 0.15531
0.40148 0.00000 0.40148 0.40148
0.39125 0.00000 0.39125 0.39125
-0.17520 0.00000 -0.17520 -0.17520
-0.38933 0.00000 -0.38933 -0.38933
0.77395 0.00000 0.77395 0.77395
-0.01758 0.00000 -0.01758 -0.01758
-0.03089 0.00000 -0.03089 -0.03089
-0.41840 0.00000 -0.41840 -0.41840
0.32578 0.00000 0.32578 0.32578
