# avg	std	min	max
5.53526 0.00000 5.53526 5.53526
4.01252 0.00000 4.01252 4.01252
5.11239 0.00000 5.11239 5.11239
2.31033 0.00000 2.31033 2.31033
6.36804 0.00000 6.36804 6.36804
6.06153 0.00000 6.06153 6.06153
12.65502 0.00000 12.65502 12.65502
24.13514 0.00000 24.13514 24.13514
6.31866 0.00000 6.31866 6.31866
5.02562 0.00000 5.02562 5.02562
3.83075 0.00000 3.83075 3.83075
3.77367 0.00000 3.77367 3.77367
19.53490 0.00000 19.53490 19.53490
5.88443 0.00000 5.88443 5.88443
4.38069 0.00000 4.38069 4.38069
4.93013 0.00000 4.93013 4.93013
-0.02959 0.00000 -0.02959 -0.02959
11.21875 0.00000 11.21875 11.21875
13.19552 0.00000 13.19552 13.19552
10.17902 0.00000 10.17902 10.17902
