# avg	std	min	max
1.51767 0.00000 1.51767 1.51767
0.55411 0.00000 0.55411 0.55411
1.68805 0.00000 1.68805 1.68805
-1.44794 0.00000 -1.44794 -1.44794
1.73629 0.00000 1.73629 1.73629
-0.87556 0.00000 -0.87556 -0.87556
-1.00510 0.00000 -1.00510 -1.00510
0.94662 0.00000 0.94662 0.94662
2.39004 0.00000 2.39004 2.39004
1.11357 0.00000 1.11357 1.11357
3.05448 0.00000 3.05448 3.05448
0.60416 0.00000 0.60416 0.60416
-0.74078 0.00000 -0.74078 -0.74078
0.89835 0.00000 0.89835 0.89835
-0.11165 0.00000 -0.11165 -0.11165
1.22991 0.00000 1.22991 1.22991
0.64569 0.00000 0.64569 0.64569
-0.44880 0.00000 -0.44880 -0.44880
0.21082 0.00000 0.21082 0.21082
-0.09402 0.00000 -0.09402 -0.09402
