# avg	std	min	max
1.24551 0.00000 1.24551 1.24551
-0.12726 0.00000 -0.12726 -0.12726
-1.17706 0.00000 -1.17706 -1.17706
-1.95243 0.00000 -1.95243 -1.95243
-1.77183 0.00000 -1.77183 -1.77183
-1.92086 0.00000 -1.92086 -1.92086
1.57259 0.00000 1.57259 1.57259
0.62359 0.00000 0.62359 0.62359
-1.08639 0.00000 -1.08639 -1.08639
1.20001 0.00000 1.20001 1.20001
0.70632 0.00000 0.70632 0.70632
0.24405 0.00000 0.24405 0.24405
2.00004 0.00000 2.00004 2.00004
0.90268 0.00000 0.90268 0.90268
-0.02186 0.00000 -0.02186 -0.02186
0.95407 0.00000 0.95407 0.95407
-1.38399 0.00000 -1.38399 -1.38399
-0.64023 0.00000 -0.64023 -0.64023
-0.12031 0.00000 -0.12031 -0.12031
1.22948 0.00000 1.22948 1.22948
