# avg	std	min	max
2.25982 0.00000 2.25982 2.25982
0.73132 0.00000 0.73132 0.73132
2.28501 0.00000 2.28501 2.28501
-0.59673 0.00000 -0.59673 -0.59673
1.69407 0.00000 1.69407 1.69407
-0.46024 0.00000 -0.46024 -0.46024
-0.82898 0.00000 -0.82898 -0.82898
-0.14943 0.00000 -0.14943 -0.14943
4.37496 0.00000 4.37496 4.37496
1.87159 0.00000 1.87159 1.87159
3.06014 0.00000 3.06014 3.06014
1.48414 0.00000 1.48414 1.48414
-0.47107 0.00000 -0.47107 -0.47107
1.33553 0.00000 1.33553 1.33553
1.24754 0.00000 1.24754 1.24754
2.71691 0.00000 2.71691 2.71691
1.90674 0.00000 1.90674 1.90674
0.14009 0.00000 0.14009 0.14009
-0.02015 0.00000 -0.02015 -0.02015
0.58025 0.00000 0.58025 0.58025
