# avg	std	min	max
2.17694 0.00000 2.17694 2.17694
1.16116 0.00000 1.16116 1.16116
2.63937 0.00000 2.63937 2.63937
-0.18731 0.00000 -0.18731 -0.18731
1.26570 0.00000 1.26570 1.26570
-0.45308 0.00000 -0.45308 -0.45308
1.64220 0.00000 1.64220 1.64220
2.03482 0.00000 2.03482 2.03482
3.85322 0.00000 3.85322 3.85322
1.37212 0.00000 1.37212 1.37212
1.75135 0.00000 1.75135 1.75135
1.31049 0.00000 1.31049 1.31049
4.75499 0.00000 4.75499 4.75499
2.04978 0.00000 2.04978 2.04978
1.55681 0.00000 1.55681 1.55681
4.05667 0.00000 4.05667 4.05667
3.42667 0.00000 3.42667 3.42667
-0.64625 0.00000 -0.64625 -0.64625
-0.01051 0.00000 -0.01051 -0.01051
1.96721 0.00000 1.96721 1.96721
