# avg	std	min	max
2.47772 0.00000 2.47772 2.47772
1.68085 0.00000 1.68085 1.68085
2.35853 0.00000 2.35853 2.35853
0.71096 0.00000 0.71096 0.71096
1.57094 0.00000 1.57094 1.57094
0.67222 0.00000 0.67222 0.67222
-0.00872 0.00000 -0.00872 -0.00872
1.75056 0.00000 1.75056 1.75056
7.45224 0.00000 7.45224 7.45224
1.63915 0.00000 1.63915 1.63915
2.05187 0.00000 2.05187 2.05187
2.53928 0.00000 2.53928 2.53928
1.55526 0.00000 1.55526 1.55526
1.41967 0.00000 1.41967 1.41967
1.22465 0.00000 1.22465 1.22465
3.56538 0.00000 3.56538 3.56538
2.80292 0.00000 2.80292 2.80292
1.50411 0.00000 1.50411 1.50411
-0.00804 0.00000 -0.00804 -0.00804
1.28456 0.00000 1.28456 1.28456
