# avg	std	min	max
1.37656 0.00000 1.37656 1.37656
0.99125 0.00000 0.99125 0.99125
1.55934 0.00000 1.55934 1.55934
0.98235 0.00000 0.98235 0.98235
1.40774 0.00000 1.40774 1.40774
0.29761 0.00000 0.29761 0.29761
0.54898 0.00000 0.54898 0.54898
1.52616 0.00000 1.52616 1.52616
1.61723 0.00000 1.61723 1.61723
0.78605 0.00000 0.78605 0.78605
1.17766 0.00000 1.17766 1.17766
1.49006 0.00000 1.49006 1.49006
0.41729 0.00000 0.41729 0.41729
0.49882 0.00000 0.49882 0.49882
0.73056 0.00000 0.73056 0.73056
1.89552 0.00000 1.89552 1.89552
1.53871 0.00000 1.53871 1.53871
0.62624 0.00000 0.62624 0.62624
-0.00839 0.00000 -0.00839 -0.00839
0.91438 0.00000 0.91438 0.91438
