# avg	std	min	max
2.10620 0.00000 2.10620 2.10620
0.89734 0.00000 0.89734 0.89734
0.82346 0.00000 0.82346 0.82346
-0.50787 0.00000 -0.50787 -0.50787
-0.01608 0.00000 -0.01608 -0.01608
-0.63043 0.00000 -0.63043 -0.63043
0.91484 0.00000 0.91484 0.91484
0.23159 0.00000 0.23159 0.23159
6.22551 0.00000 6.22551 6.22551
2.20990 0.00000 2.20990 2.20990
1.31512 0.00000 1.31512 1.31512
1.70698 0.00000 1.70698 1.70698
1.10835 0.00000 1.10835 1.10835
1.06213 0.00000 1.06213 1.06213
0.34762 0.00000 0.34762 0.34762
2.73973 0.00000 2.73973 2.73973
1.91101 0.00000 1.91101 1.91101
-0.14988 0.00000 -0.14988 -0.14988
-0.02972 0.00000 -0.02972 -0.02972
0.29717 0.00000 0.29717 0.29717
