# avg	std	min	max
2.34274 0.00000 2.34274 2.34274
1.12030 0.00000 1.12030 1.12030
2.09922 0.00000 2.09922 2.09922
-0.70365 0.00000 -0.70365 -0.70365
1.54029 0.00000 1.54029 1.54029
-0.93829 0.00000 -0.93829 -0.93829
0.73926 0.00000 0.73926 0.73926
1.93065 0.00000 1.93065 1.93065
2.93655 0.00000 2.93655 2.93655
1.02578 0.00000 1.02578 1.02578
0.63669 0.00000 0.63669 0.63669
1.71540 0.00000 1.71540 1.71540
1.72687 0.00000 1.72687 1.72687
-0.20318 0.00000 -0.20318 -0.20318
2.32278 0.00000 2.32278 2.32278
4.85621 0.00000 4.85621 4.85621
3.89608 0.00000 3.89608 3.89608
0.73202 0.00000 0.73202 0.73202
-0.00908 0.00000 -0.00908 -0.00908
4.00335 0.00000 4.00335 4.00335
