# avg	std	min	max
5.34167 0.00000 5.34167 5.34167
3.77179 0.00000 3.77179 3.77179
2.21581 0.00000 2.21581 2.21581
1.80742 0.00000 1.80742 1.80742
1.67274 0.00000 1.67274 1.67274
1.94439 0.00000 1.94439 1.94439
1.22298 0.00000 1.22298 1.22298
2.24645 0.00000 2.24645 2.24645
5.38115 0.00000 5.38115 5.38115
4.52376 0.00000 4.52376 4.52376
3.65710 0.00000 3.65710 3.65710
3.64315 0.00000 3.64315 3.64315
1.80922 0.00000 1.80922 1.80922
3.18795 0.00000 3.18795 3.18795
3.46917 0.00000 3.46917 3.46917
7.20228 0.00000 7.20228 7.20228
5.74669 0.00000 5.74669 5.74669
1.95365 0.00000 1.95365 1.95365
-0.09121 0.00000 -0.09121 -0.09121
3.09815 0.00000 3.09815 3.09815
