# avg	std	min	max
1.51663 0.00000 1.51663 1.51663
0.91820 0.00000 0.91820 0.91820
0.09503 0.00000 0.09503 0.09503
0.25434 0.00000 0.25434 0.25434
-0.23457 0.00000 -0.23457 -0.23457
0.25084 0.00000 0.25084 0.25084
1.89679 0.00000 1.89679 1.89679
5.26631 0.00000 5.26631 5.26631
3.49764 0.00000 3.49764 3.49764
-0.00014 0.00000 -0.00014 -0.00014
1.33496 0.00000 1.33496 1.33496
0.92314 0.00000 0.92314 0.92314
2.64956 0.00000 2.64956 2.64956
1.77016 0.00000 1.77016 1.77016
2.38820 0.00000 2.38820 2.38820
2.36223 0.00000 2.36223 2.36223
2.44611 0.00000 2.44611 2.44611
2.67741 0.00000 2.67741 2.67741
3.34549 0.00000 3.34549 3.34549
2.37322 0.00000 2.37322 2.37322
