# avg	std	min	max
0.36563 0.00000 0.36563 0.36563
0.03282 0.00000 0.03282 0.03282
0.87715 0.00000 0.87715 0.87715
-0.73460 0.00000 -0.73460 -0.73460
1.58984 0.00000 1.58984 1.58984
-0.41439 0.00000 -0.41439 -0.41439
2.51678 0.00000 2.51678 2.51678
2.66237 0.00000 2.66237 2.66237
4.25906 0.00000 4.25906 4.25906
0.00007 0.00000 0.00007 0.00007
2.37246 0.00000 2.37246 2.37246
0.17458 0.00000 0.17458 0.17458
2.21685 0.00000 2.21685 2.21685
2.07266 0.00000 2.07266 2.07266
0.89676 0.00000 0.89676 0.89676
2.64059 0.00000 2.64059 2.64059
0.85401 0.00000 0.85401 0.85401
0.55670 0.00000 0.55670 0.55670
-0.51057 0.00000 -0.51057 -0.51057
2.60405 0.00000 2.60405 2.60405
