# avg	std	min	max
-0.27444 0.00000 -0.27444 -0.27444
0.23672 0.00000 0.23672 0.23672
1.07938 0.00000 1.07938 1.07938
1.14969 0.00000 1.14969 1.14969
1.10806 0.00000 1.10806 1.10806
0.79283 0.00000 0.79283 0.79283
0.82896 0.00000 0.82896 0.82896
0.97174 0.00000 0.97174 0.97174
0.54198 0.00000 0.54198 0.54198
-0.00057 0.00000 -0.00057 -0.00057
0.46719 0.00000 0.46719 0.46719
0.64707 0.00000 0.64707 0.64707
0.89955 0.00000 0.89955 0.89955
0.78463 0.00000 0.78463 0.78463
0.74063 0.00000 0.74063 0.74063
0.25661 0.00000 0.25661 0.25661
0.32592 0.00000 0.32592 0.32592
0.66418 0.00000 0.66418 0.66418
0.74524 0.00000 0.74524 0.74524
1.11325 0.00000 1.11325 1.11325
