# avg	std	min	max
1.25271 0.00000 1.25271 1.25271
0.69209 0.00000 0.69209 0.69209
1.83050 0.00000 1.83050 1.83050
1.37675 0.00000 1.37675 1.37675
2.79958 0.00000 2.79958 2.79958
0.61073 0.00000 0.61073 0.61073
6.58826 0.00000 6.58826 6.58826
12.08196 0.00000 12.08196 12.08196
0.66629 0.00000 0.66629 0.66629
0.56235 0.00000 0.56235 0.56235
-0.00446 0.00000 -0.00446 -0.00446
0.82306 0.00000 0.82306 0.82306
9.34683 0.00000 9.34683 9.34683
2.49443 0.00000 2.49443 2.49443
2.04411 0.00000 2.04411 2.04411
4.15111 0.00000 4.15111 4.15111
2.42213 0.00000 2.42213 2.42213
0.82100 0.00000 0.82100 0.82100
1.30588 0.00000 1.30588 1.30588
9.92486 0.00000 9.92486 9.92486
