# avg	std	min	max
0.68820 0.00000 0.68820 0.68820
0.05696 0.00000 0.05696 0.05696
0.00292 0.00000 0.00292 0.00292
-1.08239 0.00000 -1.08239 -1.08239
-0.97623 0.00000 -0.97623 -0.97623
-0.87669 0.00000 -0.87669 -0.87669
-1.16247 0.00000 -1.16247 -1.16247
-0.75015 0.00000 -0.75015 -0.75015
4.28425 0.00000 4.28425 4.28425
0.01065 0.00000 0.01065 0.01065
-0.00000 0.00000 -0.00000 -0.00000
0.80257 0.00000 0.80257 0.80257
-0.85283 0.00000 -0.85283 -0.85283
0.66604 0.00000 0.66604 0.66604
-0.27297 0.00000 -0.27297 -0.27297
0.99289 0.00000 0.99289 0.99289
0.85693 0.00000 0.85693 0.85693
-0.03747 0.00000 -0.03747 -0.03747
-0.60659 0.00000 -0.60659 -0.60659
0.18877 0.00000 0.18877 0.18877
