# avg	std	min	max
2.35640 0.00000 2.35640 2.35640
0.73373 0.00000 0.73373 0.73373
-0.17350 0.00000 -0.17350 -0.17350
-0.36071 0.00000 -0.36071 -0.36071
-0.27022 0.00000 -0.27022 -0.27022
1.38266 0.00000 1.38266 1.38266
7.57530 0.00000 7.57530 7.57530
14.47737 0.00000 14.47737 14.47737
4.97896 0.00000 4.97896 4.97896
1.30270 0.00000 1.30270 1.30270
0.00083 0.00000 0.00083 0.00083
0.51933 0.00000 0.51933 0.51933
15.98594 0.00000 15.98594 15.98594
2.34762 0.00000 2.34762 2.34762
0.52204 0.00000 0.52204 0.52204
2.27023 0.00000 2.27023 2.27023
2.33450 0.00000 2.33450 2.33450
4.85195 0.00000 4.85195 4.85195
4.49349 0.00000 4.49349 4.49349
13.06222 0.00000 13.06222 13.06222
