# avg	std	min	max
0.47512 0.00000 0.47512 0.47512
-0.22801 0.00000 -0.22801 -0.22801
-0.71283 0.00000 -0.71283 -0.71283
-2.43673 0.00000 -2.43673 -2.43673
-0.22962 0.00000 -0.22962 -0.22962
-2.35869 0.00000 -2.35869 -2.35869
-0.92998 0.00000 -0.92998 -0.92998
-1.11427 0.00000 -1.11427 -1.11427
-0.88728 0.00000 -0.88728 -0.88728
0.93538 0.00000 0.93538 0.93538
-0.00043 0.00000 -0.00043 -0.00043
-0.03643 0.00000 -0.03643 -0.03643
-0.48096 0.00000 -0.48096 -0.48096
0.62530 0.00000 0.62530 0.62530
-0.13647 0.00000 -0.13647 -0.13647
1.02696 0.00000 1.02696 1.02696
-0.30608 0.00000 -0.30608 -0.30608
-0.16172 0.00000 -0.16172 -0.16172
0.51461 0.00000 0.51461 0.51461
-0.10957 0.00000 -0.10957 -0.10957
