# avg	std	min	max
2.37802 0.00000 2.37802 2.37802
1.81993 0.00000 1.81993 1.81993
1.70010 0.00000 1.70010 1.70010
0.33826 0.00000 0.33826 0.33826
1.13391 0.00000 1.13391 1.13391
0.20794 0.00000 0.20794 0.20794
3.93131 0.00000 3.93131 3.93131
7.57656 0.00000 7.57656 7.57656
2.07015 0.00000 2.07015 2.07015
0.96386 0.00000 0.96386 0.96386
0.00334 0.00000 0.00334 0.00334
2.13472 0.00000 2.13472 2.13472
5.26845 0.00000 5.26845 5.26845
2.50235 0.00000 2.50235 2.50235
1.64836 0.00000 1.64836 1.64836
4.24249 0.00000 4.24249 4.24249
3.62908 0.00000 3.62908 3.62908
1.92086 0.00000 1.92086 1.92086
1.15300 0.00000 1.15300 1.15300
5.18717 0.00000 5.18717 5.18717
