# avg	std	min	max
2.13293 0.00000 2.13293 2.13293
0.89892 0.00000 0.89892 0.89892
3.32060 0.00000 3.32060 3.32060
0.83806 0.00000 0.83806 0.83806
4.19248 0.00000 4.19248 4.19248
0.49001 0.00000 0.49001 0.49001
-0.20486 0.00000 -0.20486 -0.20486
0.00241 0.00000 0.00241 0.00241
10.68078 0.00000 10.68078 10.68078
1.15168 0.00000 1.15168 1.15168
3.71324 0.00000 3.71324 3.71324
1.68551 0.00000 1.68551 1.68551
0.62253 0.00000 0.62253 0.62253
0.68269 0.00000 0.68269 0.68269
0.36891 0.00000 0.36891 0.36891
1.84182 0.00000 1.84182 1.84182
2.10524 0.00000 2.10524 2.10524
1.15111 0.00000 1.15111 1.15111
0.95323 0.00000 0.95323 0.95323
0.77999 0.00000 0.77999 0.77999
