# avg	std	min	max
5.30386 0.00000 5.30386 5.30386
3.67911 0.00000 3.67911 3.67911
3.31540 0.00000 3.31540 3.31540
0.87635 0.00000 0.87635 0.87635
2.80477 0.00000 2.80477 2.80477
1.40763 0.00000 1.40763 1.40763
0.24417 0.00000 0.24417 0.24417
1.35488 0.00000 1.35488 1.35488
10.53643 0.00000 10.53643 10.53643
4.27626 0.00000 4.27626 4.27626
5.70680 0.00000 5.70680 5.70680
3.92492 0.00000 3.92492 3.92492
-0.05140 0.00000 -0.05140 -0.05140
4.83500 0.00000 4.83500 4.83500
3.41037 0.00000 3.41037 3.41037
5.58795 0.00000 5.58795 5.58795
4.89462 0.00000 4.89462 4.89462
4.00264 0.00000 4.00264 4.00264
4.86472 0.00000 4.86472 4.86472
3.75012 0.00000 3.75012 3.75012
