# DDG
5.068
4.932
6.149
5.008
5.519
4.781
5.057
5.015
5.568
5.475
6.256
5.112
4.911
4.891
5.285
5.125
4.760
4.711
5.351
-1.178
-0.728
-0.057
-0.725
-0.449
-0.551
-0.228
-1.258
-1.181
-0.654
-0.227
-0.285
-0.896
-0.696
-1.561
-0.979
-0.655
-0.611
-0.100
1.214
-0.114
-1.011
-0.964
-1.534
-1.019
-0.567
0.186
-0.236
0.971
0.568
-0.197
-0.083
-0.006
2.306
1.401
-0.619
-0.411
0.977
1.704
0.587
1.131
-0.147
0.372
-0.544
0.439
0.004
-0.506
0.892
1.063
1.424
0.452
0.905
-0.255
-0.567
-0.010
0.346
1.064
1.211
0.076
0.062
-0.787
-0.583
-0.925
-0.159
-0.165
-0.199
1.112
0.993
0.748
-0.035
0.850
-0.109
0.025
-0.170
0.409
0.599
5.860
3.746
1.313
0.958
1.707
9.614
21.744
7.587
4.203
3.342
3.563
17.020
4.605
4.681
6.463
5.594
7.289
9.535
9.351
3.927
2.681
1.219
-0.128
1.517
1.282
1.792
7.302
4.252
3.181
3.056
1.483
2.656
3.095
3.569
3.325
3.255
2.969
3.692
0.938
0.265
0.617
-0.252
-0.037
-0.581
-0.167
-0.162
3.143
0.835
1.009
0.844
-0.000
0.806
0.099
0.725
0.205
0.240
0.706
2.933
1.217
0.057
-0.496
-0.505
0.012
0.184
3.187
4.097
1.605
1.635
0.957
3.504
2.660
3.840
2.061
2.308
2.499
4.199
1.382
0.444
0.630
-0.335
-0.149
-0.335
-0.309
1.111
4.249
0.522
1.147
1.062
0.162
-0.040
0.713
0.198
0.327
0.792
0.108
0.541
0.381
0.744
-0.556
0.231
-0.560
-0.114
0.180
2.181
-0.065
0.521
-0.158
-0.096
0.051
0.121
0.092
-0.179
0.066
0.319
0.445
0.016
-0.186
-1.086
-0.097
-0.916
-1.335
-0.560
-0.500
0.257
-0.037
-1.168
0.278
-0.684
0.608
-0.131
-1.035
-0.430
-0.014
2.043
0.854
1.934
0.128
3.009
0.399
1.224
2.505
8.343
1.764
0.911
1.795
1.424
1.218
0.790
2.855
1.721
0.158
1.813
2.106
1.106
1.681
0.822
2.092
0.741
1.262
1.132
1.459
1.296
1.748
1.821
1.271
1.155
1.097
2.198
1.762
0.603
1.285
0.976
0.026
0.319
-0.429
-0.299
-0.734
-0.489
-0.320
3.249
0.249
0.116
0.743
-0.278
-0.138
-0.341
0.308
-0.157
-0.167
0.171
2.812
1.100
3.212
-0.135
2.595
0.189
0.322
5.532
2.032
3.027
1.774
0.485
2.060
1.225
2.552
2.350
1.247
1.617
2.274
1.443
0.355
0.356
-0.384
-0.487
-0.725
-0.282
0.110
3.597
1.107
1.067
0.921
-0.114
0.328
-0.137
0.897
0.612
0.084
0.695
0.588
-1.230
-0.838
0.275
0.102
0.589
1.709
2.645
5.334
-0.194
-0.924
-0.900
1.331
-1.449
2.720
1.592
1.486
1.915
10.118
0.753
0.053
0.581
-0.259
0.033
-0.228
-0.230
-0.248
4.605
0.838
0.756
1.009
-0.147
0.296
-0.202
0.706
0.225
0.015
0.323
1.713
-0.054
1.523
-2.215
0.887
-1.039
-1.469
-0.491
1.775
1.337
0.369
0.343
-0.556
1.745
1.490
1.640
-0.025
0.128
0.122
2.437
1.467
2.010
0.937
1.393
0.693
0.496
5.166
1.675
1.298
2.220
1.339
1.731
2.399
2.943
2.245
1.715
1.834
2.785
-0.952
-0.454
-1.350
-1.189
-1.417
-1.244
-1.394
2.778
-0.891
-0.170
-0.248
-0.703
-0.851
-1.142
-0.072
-0.614
-1.406
-1.604
-0.454
1.741
0.797
-0.233
-0.652
-0.943
-0.834
3.641
7.321
-0.248
1.616
1.855
1.024
5.130
1.323
1.338
1.737
0.111
1.213
5.160
-0.154
-0.083
-0.045
0.070
0.170
0.121
0.390
1.283
0.015
-0.168
-0.042
0.114
0.037
-0.226
-0.378
-0.073
-0.547
-0.392
0.234
0.544
-0.213
0.078
-0.567
-0.544
-0.122
-0.594
-0.535
-1.241
0.214
0.182
0.204
-0.423
-0.941
0.166
-0.197
-0.777
-0.699
-0.524
0.682
0.340
-0.037
-0.541
-0.494
-0.363
-0.115
0.039
0.816
0.917
0.226
0.455
-0.090
0.625
0.509
-0.229
-0.714
-0.721
0.671
1.138
0.664
-0.159
-1.083
-0.376
0.145
0.900
2.428
3.307
0.023
0.325
1.016
-0.608
0.406
1.106
0.994
0.114
0.269
1.316
1.987
1.405
3.128
1.405
4.120
1.641
1.190
1.720
-0.296
0.132
1.980
1.238
0.724
1.689
0.018
0.371
1.867
1.759
1.167
1.809
0.928
1.686
0.686
1.222
0.955
0.921
1.525
3.000
1.235
1.182
1.667
1.179
0.510
0.474
0.759
1.014
1.261
0.998
1.230
0.261
0.007
-0.633
-0.531
-0.395
-0.266
0.217
3.091
0.992
1.021
0.675
-0.151
0.203
0.206
0.586
-0.057
0.192
0.242
3.356
1.953
1.714
0.924
1.031
0.696
1.070
1.534
4.849
2.101
2.239
2.385
1.288
1.720
1.309
2.600
1.861
1.101
1.619
3.012
1.814
2.497
-0.365
2.400
0.145
0.883
0.695
6.529
2.014
2.203
2.148
1.324
2.703
1.687
3.254
1.974
1.243
2.238
0.235
-0.522
-0.220
-0.823
-0.838
-1.145
-1.160
-0.885
2.470
-0.534
0.121
-1.170
-0.453
-0.781
-0.149
-0.598
-0.646
-0.615
-0.177
1.787
0.868
1.015
-0.916
0.202
-0.774
-0.528
-0.758
4.245
0.949
0.817
0.939
0.319
0.340
0.454
1.182
0.340
-0.054
0.795
1.825
0.382
-0.685
-1.546
-1.674
-1.660
-1.614
-0.489
4.285
0.942
0.658
0.873
-1.277
0.368
-0.010
1.414
0.548
0.137
-0.222
2.344
1.033
0.791
-0.466
-0.231
-0.370
0.383
0.003
4.669
1.998
1.417
1.615
1.819
0.891
1.551
1.225
0.040
1.146
1.566
1.546
0.029
0.389
-0.351
-0.284
-0.461
-0.125
-0.116
3.445
0.779
0.756
-0.061
0.130
0.045
0.567
0.744
-0.160
0.091
0.355
0.159
0.035
1.289
0.007
0.893
-0.078
0.062
0.646
3.617
-0.264
0.689
0.205
0.167
0.578
-0.027
1.152
0.473
-0.474
-0.023
5.511
4.657
6.023
4.899
5.553
4.956
6.907
4.775
8.056
4.350
5.417
8.176
7.543
7.174
8.339
6.859
6.146
6.429
10.357
0.433
0.378
0.030
-0.533
-0.063
-0.805
-0.903
-0.423
3.271
-0.137
-0.275
-0.723
-0.364
-0.109
0.349
0.044
-0.646
-0.354
-0.560
